unique_id,ds,NBEATS,NHITS,MLP,MLP1,LSTM,GRU,DilatedRNN,DilatedRNN1,TCN,TiDE,SeasonalNaive,ADE,ADE(uid),MLpol,MLpol(uid),MLewa,MLewa(uid),LossOnTrain,LossOnTrain(uid),BestOnTrain,BestOnTrain(uid),EqAverage,EqAverage(uid),Windowing,Windowing(uid),BLAST,BLAST(uid),y
ID0,1998-01-04,226.53873,221.05692,233.97057,219.88696,197.18997,194.50969,193.36897,210.55609,194.79019,254.47319,263.13776,218.20584650065064,224.798510886648,229.7397756318317,229.28905135636043,229.90997168685834,231.75310071414708,224.37492115675238,230.90380943112172,219.886962890625,219.886962890625,217.62437438964844,226.20288276672363,223.06933588806163,230.3913097918308,219.886962890625,219.886962890625,209.04195
ID0,1998-01-11,241.98538,232.20923,236.83792,228.16551,184.55208,204.53047,211.63571,238.02626,181.45134,262.27762,259.19785,223.7503751489035,229.0051126320579,231.93649286013772,235.90291753323277,232.3525921564202,238.65458659687954,232.75346437132177,237.50913756876542,228.16551208496094,228.16551208496094,225.2742404937744,232.10766220092773,231.5547448775123,236.95792159982759,228.16551208496094,228.16551208496094,223.32767
ID0,1998-01-18,258.6943,233.6948,238.14613,225.38196,192.84868,208.60094,209.89738,219.24496,207.27692,265.6582,322.0663,225.4328996283319,236.12576079958495,248.96079131618293,246.50683997162184,247.46042302673158,250.07956037388132,236.6508979180752,249.58657024543228,225.3819580078125,225.3819580078125,229.11529922485352,243.29847145080566,235.3021648877444,249.4686518048412,225.3819580078125,225.3819580078125,221.30103
ID0,1998-01-25,245.1356,228.85895,226.54005,217.56622,200.44522,207.2594,208.03583,227.77989,226.05472,250.95236,226.61565,219.8484707165121,221.7626206966211,228.12472295383532,228.6840408041824,227.73190106510918,229.74633629945004,228.4733220712949,229.0306250738645,217.56622314453125,217.56622314453125,223.09920501708984,225.51873588562012,227.470298459564,228.3144964380593,217.56622314453125,217.56622314453125,248.76701
ID0,1998-02-01,258.60562,244.37532,239.38373,230.483,176.88954,213.06583,214.75629,208.03455,223.69142,256.5215,263.13776,224.81493269117345,229.57369742016758,243.09827146583874,240.4088845202932,242.3354681953765,243.8713991090732,237.5007287151162,241.9987549093492,230.48300170898438,230.48300170898438,229.26010513305664,235.51909637451172,236.1680741549118,241.28280792643858,230.48300170898438,230.48300170898438,258.46088
ID0,1998-02-08,264.3571,245.53723,239.56265,230.87277,166.99503,203.60161,194.74203,211.23973,214.953,269.4769,259.19785,221.8064471471773,227.13803823757434,242.29074154039307,241.0477951076772,241.6051413835503,245.37802133905672,238.36028845999903,242.58874395095987,230.87277221679688,230.87277221679688,226.89316368103027,233.84269332885742,236.29177647544017,241.26379366422748,230.87277221679688,230.87277221679688,242.87132
ID0,1998-02-15,262.39645,238.6974,232.16429,225.65712,198.54651,213.56766,226.474,207.72539,223.32848,274.04086,322.0663,229.23407407321784,239.45490398751573,251.615417620632,249.7420824701944,249.113813190128,252.68013443225504,240.34488009851617,252.71882775712808,225.65711975097656,225.65711975097656,233.94303703308105,247.50536918640137,239.3413528812448,252.86349776262153,225.65711975097656,225.65711975097656,257.10034
ID0,1998-02-22,241.29395,231.97978,222.26288,214.02408,188.34567,192.78413,204.83253,204.23433,220.06177,267.69037,226.61565,217.0186367725267,220.3849236256956,226.92923793153108,228.6737792281433,225.96194914216795,230.35138565926545,228.1231961054338,229.27189687241088,214.02407836914062,214.02407836914062,220.40167427062988,224.63061332702637,226.80412237524888,228.41074705049832,214.02407836914062,214.02407836914062,255.95238
ID0,1998-03-01,251.33228,229.29375,230.20998,224.25009,180.92462,196.89198,200.8153,195.56253,198.71512,252.0719,263.13776,217.27312995239532,223.61384925502986,232.73880688201018,233.49651127116496,232.22993838111591,236.5196814088195,229.17371322609966,235.12926926812833,224.25009155273438,224.25009155273438,220.7237377166748,229.00445938110352,227.69449937111136,234.43745351448135,224.25009155273438,224.25009155273438,253.8974
ID0,1998-03-08,252.41342,228.5199,234.13933,231.24225,183.60315,189.10336,197.38306,199.07133,181.95793,266.14188,259.19785,220.67218606813304,227.47397091309878,231.82349327302774,236.7219574200933,231.93470591412907,239.70576738156404,232.8838525545531,238.2192578740149,231.24224853515625,231.24224853515625,222.81829261779785,231.58010292053223,231.0995681032429,237.28971332841928,231.24224853515625,231.24224853515625,207.80896
ID0,1998-03-15,241.9902,226.72841,228.30989,225.1853,178.88034,193.46335,183.60966,206.56696,188.17316,266.77512,322.0663,216.1395284834985,228.29228293581824,241.348969334142,238.99173843118592,239.56192575745433,243.96842156399956,227.95269217913824,242.34334042967038,225.185302734375,225.185302734375,218.11778450012207,234.1931552886963,226.07037153330214,241.89144416608517,225.185302734375,225.185302734375,250.9212
ID0,1998-03-22,237.85213,230.37947,222.38194,218.80864,193.43422,188.20703,190.25832,211.06946,174.76823,261.75812,226.61565,215.62932961742888,219.4502027613642,219.60420334983144,227.4162087481436,219.66532187741876,229.529980083534,226.33519174132203,227.83928967243543,218.8086395263672,218.8086395263672,217.88498306274414,222.68605995178223,224.70615093270698,226.74342019692799,218.8086395263672,218.8086395263672,259.1695
ID1,1998-01-04,109.041084,109.96373,118.44708,109.98808,108.20852,107.92795,109.858986,107.02023,111.568954,131.68825,134.25453,110.85268816046785,111.7471015430629,117.85229929629972,113.84521709710826,117.81633011232177,111.94483932264436,114.17918934535543,114.59078162597494,109.98808288574219,107.02023315429688,113.14046001434326,115.06443786621092,114.63757451233477,115.99658682101459,109.98808288574219,134.25453186035156,91.6525
ID1,1998-01-11,100.388176,107.99757,119.25053,111.848724,108.76582,111.70307,111.56503,109.869194,112.64732,136.7297,147.30725,111.62779415015244,114.64817357889495,120.26372871202847,117.797674631184,120.0635653653622,115.14737564905087,116.32157095521859,118.0923963124132,111.84872436523438,109.86919403076172,113.53107833862305,118.80451583862303,116.85758339143422,120.07409576891439,111.84872436523438,147.3072509765625,106.73186
ID1,1998-01-18,97.58011,113.32244,121.19223,114.64423,114.46777,116.157684,116.547646,114.20393,115.23372,138.7212,171.11678,115.0180749112227,119.8780005330228,126.80224952408875,125.33034340881443,125.98033954709119,120.88937080058108,120.12762754791969,123.88366517148722,114.64423370361328,114.20393371582031,116.5791654586792,125.13662147521971,120.60793593797247,126.8173222163791,114.64423370361328,171.1167755126953,112.244896
ID1,1998-01-25,100.92171,118.59367,124.62116,118.92486,117.513756,117.89876,119.47698,117.74127,117.44931,133.0338,112.44331,117.29187664628219,118.92739771619183,118.56067677056623,116.96099783158462,119.12948172424518,117.37381217720757,121.78268871818402,119.57156350392351,118.92485809326172,117.74127197265625,118.87308692932129,119.31025600433348,122.08212698362749,119.32006136906702,118.92485809326172,112.44331359863281,120.294785
ID1,1998-02-01,119.45803,123.6647,132.12405,127.51795,120.41479,123.18565,124.40348,128.18661,123.83368,135.56491,134.25453,124.09546630390759,125.81836505804881,128.5657526004358,125.81034332810158,128.91904119585573,125.4081965955653,126.91607741597105,127.0498209386123,127.51795196533203,128.18661499023438,125.79169654846191,127.17020130157469,127.16999791544302,127.58630680743202,127.51795196533203,134.25453186035156,122.93084
ID1,1998-02-08,114.9191,117.78637,125.47723,118.766266,114.57725,115.57043,118.11654,121.58166,116.1534,138.4052,147.30725,118.244297330837,120.5561744046534,125.88323785007373,122.417362142518,125.73449599127036,120.42419886094662,121.68098558994836,123.25540051691401,118.76626586914062,121.58165740966797,120.45229625701904,123.80974769592284,122.12496793643234,124.83636172940612,118.76626586914062,147.3072509765625,115.447845
ID1,1998-02-15,120.78483,125.92117,124.13774,117.978966,116.76767,115.78716,119.27502,118.82558,117.42233,141.09477,171.11678,120.01468986133425,122.1446255757223,132.01557788005667,127.04503197322609,130.86200113510426,122.96356975449712,122.95141146109228,126.10062832591835,117.97896575927734,118.82557678222656,122.71841621398926,127.28353404998778,123.4364539595114,128.89239487030457,117.97896575927734,171.1167755126953,121.96712
ID1,1998-02-22,114.21144,121.579216,125.705345,120.136024,114.58305,115.86392,116.58852,115.8027,116.00142,141.51004,112.44331,118.42807066416722,117.8913483249861,120.47529158669126,115.38570236585677,120.9827922634054,116.00637624959899,122.46907246216833,119.37243460770519,120.13602447509766,115.80269622802734,121.27219486236572,119.11612319946288,122.97876785315198,119.2484306146392,120.13602447509766,112.44331359863281,121.99547
ID1,1998-03-01,128.36572,129.46503,133.2705,129.33162,123.72792,124.708916,126.6084,130.21872,124.35145,133.01932,134.25453,126.88359888092607,127.4087251855404,130.58371461160468,127.12251331393138,130.81403324916738,126.78698534183559,128.384503940682,128.13781626623128,129.3316192626953,130.21871948242188,128.56217670440674,128.27760887145993,128.5372250544048,128.5213076884704,129.3316192626953,134.25453186035156,138.9881
ID1,1998-03-08,122.824036,131.0505,128.96313,123.219955,121.51868,121.346,121.85428,121.17019,120.473145,136.62407,147.30725,123.43161312358876,124.02373763409607,130.75416554328842,125.87257589199238,130.3303062100549,123.92166638462061,125.95864171748654,126.09200929587999,123.21995544433594,121.1701889038086,125.92508220672607,126.68919563293456,126.27290851231284,127.42374783488532,123.21995544433594,147.3072509765625,129.51491
ID1,1998-03-15,118.16879,124.95834,126.83389,122.22488,118.410934,118.505455,117.7118,119.07722,115.16722,135.92406,171.11678,120.3964701491819,122.62711033167693,132.24294596471302,127.07828694807424,131.43122880811603,123.00818367415803,123.3660894842118,125.92768266783537,122.2248764038086,119.07721710205078,122.84226894378662,127.26729202270506,123.70914040768014,128.5862016240461,122.2248764038086,171.1167755126953,137.21655
ID1,1998-03-22,119.26678,126.96224,127.56721,124.84068,119.770134,119.73355,121.21348,121.59337,118.19262,138.70633,112.44331,122.45848112238616,121.70757064647458,122.975116757281,118.55183194388212,123.41448289709193,119.41742693998528,125.47232640017657,122.34980537596043,124.84068298339844,121.59336853027344,124.75755023956299,122.06168460845946,125.82159758706706,121.92380323789332,124.84068298339844,112.44331359863281,136.22449
ID10,1998-01-04,141.93938,157.99585,155.76797,142.80316,151.06235,151.56236,156.7021,157.87141,138.14789,170.11263,162.07483,154.35485946165176,155.26911959048047,152.97530973669555,164.28782840210636,153.06749944526467,162.9954693295816,154.27275814692717,155.55089372086175,142.80316162109375,170.1126251220703,153.49322509765625,154.80728340148926,154.29714577466643,155.61525255026402,142.80316162109375,170.1126251220703,171.2585
ID10,1998-01-11,141.29962,153.27687,157.63223,148.20699,144.14867,148.21921,163.9075,151.18356,130.27016,172.40411,152.80612,153.70276397209417,155.46413445167252,150.3455352332172,158.2019221614955,151.08592785723292,161.8197593276514,155.16693280281686,155.09913634055297,148.2069854736328,172.40411376953125,153.63689994812012,154.21026420593262,155.1645829863538,155.06103830281464,148.2069854736328,172.40411376953125,132.25624
ID10,1998-01-18,134.85016,166.19435,165.27895,151.3155,148.96754,153.77982,164.59674,157.12425,132.7537,175.03415,220.20975,158.53394769098924,160.19303292590163,167.5741470727168,207.77181447310898,166.85878501781792,184.10519188982,159.02033757463312,168.38675129919554,151.3155059814453,175.03414916992188,157.5021514892578,165.80589294433594,159.0084255411537,168.75984108205253,151.3155059814453,175.03414916992188,173.90874
ID10,1998-01-25,151.23146,174.54619,165.85884,154.51228,155.49738,159.82213,168.6201,161.02214,140.39795,175.08466,160.445,163.02823913986174,164.05372021941295,160.74877854901644,164.4756559833457,161.02065114233815,167.44180046471286,164.07670503781475,163.70825813268306,154.5122833251953,175.08465576171875,163.1466293334961,163.22448921203613,164.0997482046837,163.69226171819625,154.5122833251953,175.08465576171875,175.36848
ID10,1998-02-01,160.60603,171.08519,163.6445,154.81145,149.13834,157.5305,159.95703,160.86694,140.60468,174.91725,162.07483,158.83628498119538,159.2630117284422,160.44904505604785,165.61065806572879,160.61257757732804,167.71596672072235,163.47628086006733,163.51082183344204,154.8114471435547,174.91725158691406,161.4612865447998,162.02932739257812,163.44722740173341,163.4584034032379,154.8114471435547,174.91725158691406,171.4144
ID10,1998-02-08,135.71397,160.47232,156.25497,144.91881,141.48015,150.28925,153.89117,152.16144,142.0425,173.48041,152.80612,151.82084547778314,152.31542198409073,152.53838871310327,158.49825186954968,152.6561200529669,161.9001911617196,154.0211734366192,153.992689951046,144.91880798339844,173.48040771484375,152.06263160705566,152.37724113464355,153.98137818394787,153.9385851894768,144.91880798339844,173.48040771484375,153.64229
ID10,1998-02-15,137.49538,164.08456,153.91403,146.98326,149.84166,156.24791,167.3683,162.37053,140.02551,177.58705,220.20975,158.05416562144313,158.76636029547325,165.2951494808716,208.47469008932512,163.63689422250036,183.65360277129213,157.23063965416287,166.68988638621508,146.98326110839844,177.58705139160156,156.69026947021484,164.68549919128418,157.26032454889918,167.1239796933218,146.98326110839844,177.58705139160156,155.56973
ID10,1998-02-22,141.99924,162.10216,163.26347,150.38974,156.1406,162.48433,164.77036,163.17253,135.65749,183.04553,160.445,162.45928058202287,162.4469683157281,156.46674846308585,166.66747747315037,157.1434113339929,170.1192843871075,161.4112640666259,161.22269416337411,150.38973999023438,183.0455322265625,160.52442741394043,160.26951217651367,161.39945093762057,161.209157250931,150.38973999023438,183.0455322265625,166.96428
ID10,1998-03-01,162.28021,171.51625,169.5694,155.74991,158.32684,162.91559,153.40347,150.21234,135.50351,172.08992,162.07483,161.84341670161183,161.49914352370084,161.24162341209455,164.8322254318287,162.05135128650983,167.2917158449257,164.7885842172313,164.4596322460847,155.74990844726562,172.0899200439453,163.23144912719727,163.1263542175293,164.74697908018135,164.39967323778262,155.74990844726562,172.0899200439453,148.39853
ID10,1998-03-08,161.25548,160.02797,159.20802,146.39082,150.62096,143.70717,143.8655,139.18169,136.58977,173.59013,152.80612,151.03381626129254,153.39348390282308,153.93132488408025,158.5284620732842,154.34011951486156,162.99639354447854,157.93489951759278,157.75205766144884,146.3908233642578,173.5901336669922,154.83325576782227,155.97062492370605,157.91546954497716,157.65922683899467,146.3908233642578,173.5901336669922,172.06633
ID10,1998-03-15,158.28523,154.28125,154.13374,148.75037,161.13416,145.76413,145.28232,145.4017,136.44374,172.29114,220.20975,153.27261000510063,155.8284915142942,164.07441798745452,207.01659718976333,162.78674107248005,181.6670425012947,156.86791141606818,166.7969811736153,148.7503662109375,172.2911376953125,154.99029159545898,164.29599380493164,156.88294888201898,167.19047563463684,148.7503662109375,172.2911376953125,164.35658
ID10,1998-03-22,161.85721,173.7406,164.97815,151.01126,160.18715,146.85744,160.18414,153.65204,145.51015,178.95718,160.445,159.37071333534362,163.39669268894355,161.56089704419477,165.54185645696305,161.51360211489725,169.0641345874538,164.59251352411792,164.70043974776172,151.01126098632812,178.95718383789062,162.22164154052734,163.92008781433105,164.65407321151287,164.6750318501135,151.01126098632812,178.95718383789062,167.30443
ID100,1998-01-04,143.49608,142.9396,126.829834,132.37953,121.02149,128.14592,129.67213,136.79439,102.93321,106.516495,117.54535,124.40950329265061,122.53875574408478,124.87629879901473,120.52591065223366,125.07237548652296,120.59747023631698,128.58245632382088,124.48630652455289,132.37953186035156,102.93321228027344,128.87513637542725,124.69505977630615,129.58495181037733,128.4507276856191,132.37953186035156,132.37953186035156,69.60034
ID100,1998-01-11,160.61035,167.1083,128.137,131.34521,123.21374,137.68642,132.56549,122.060356,111.60847,115.94754,168.16893,133.5031302473259,129.23058829977853,141.67435550077317,129.50712359602994,139.76101562591083,129.49267401075173,136.32047597131827,129.90823660613802,131.34521484375,111.60846710205078,137.07675647735596,129.63837909698486,137.59403284863018,134.3698642597608,131.34521484375,131.34521484375,96.13095
ID100,1998-01-18,160.06808,157.69354,134.63728,133.33502,131.20782,148.33641,136.74063,115.78197,125.12999,121.36412,156.80272,138.0664181686773,133.5659924663158,142.05829387737307,137.28611093419602,141.09949328345738,136.73897990088605,139.384950452789,133.81776815908935,133.33502197265625,125.12998962402344,140.42286491394043,133.43577003479004,140.62955792946636,137.625472065834,133.33502197265625,133.33502197265625,126.94161
ID100,1998-01-25,173.91788,172.62515,142.72157,148.20245,140.4455,140.96204,138.30034,143.32556,135.27864,109.56652,67.46032,137.98542788782666,137.67435672438057,133.88584505232922,145.22893616076135,134.7019663937162,143.8981207955721,145.8061407870776,142.72950615387904,148.20245361328125,135.2786407470703,145.8426809310913,141.64092922210693,147.51281542466052,149.01281333202644,148.20245361328125,148.20245361328125,125.31179
ID100,1998-02-01,174.26692,182.99326,156.8649,157.37125,154.845,171.59123,144.02132,137.9887,122.769005,113.317955,117.54535,151.33086437108943,146.97863677156164,147.85279915117218,151.3487798929931,148.86053683252769,150.4489381658904,157.54108102997628,150.0916307089654,157.37124633789062,122.76900482177734,156.90897846221924,149.71766090393066,159.3770723659478,156.68898275047314,157.37124633789062,157.37124633789062,178.16043
ID100,1998-02-08,174.89743,174.7552,159.76904,156.56624,149.27217,164.82361,142.93416,130.51671,134.48582,117.7453,168.16893,148.6264434442835,145.01638945818996,158.38937335266905,151.819100538144,158.42830999391364,151.67762021830976,155.50485015514215,149.42936278219685,156.5662384033203,134.48582458496094,155.09539413452148,148.49176216125488,157.1125233197085,155.2219278901671,156.5662384033203,156.5662384033203,165.80215
ID100,1998-02-15,179.27303,161.86859,146.85077,139.337,148.02733,165.61769,149.59222,144.73727,141.78975,123.24443,156.80272,148.41055203120678,146.49352687893247,150.34671125741536,153.17154045001718,150.0215520487605,152.26728746020467,149.73485726724078,146.28589383322688,139.33700561523438,141.7897491455078,151.72638320922852,146.4341049194336,151.66892041987583,151.9689311646869,139.33700561523438,139.33700561523438,168.63663
ID100,1998-02-22,160.40009,180.06009,143.47672,131.07324,149.09358,149.79915,147.76768,150.62402,160.37805,119.54818,67.46032,145.22626376501722,147.0072573431534,137.0991593299395,156.68188634252022,137.2574883977557,154.21122330421505,147.28020374742698,148.821420847514,131.0732421875,160.3780517578125,147.65234088897705,148.00662899017334,148.57996136115787,152.84312118199585,131.0732421875,131.0732421875,156.02324
ID100,1998-03-01,146.49301,166.87326,156.0023,154.7568,153.57251,159.21144,153.97229,165.30229,174.1316,107.94325,117.54535,145.27176750536654,149.89120593284838,150.6149754295767,161.7377115815399,150.90706878267568,160.08348543473494,151.00195709076235,156.05281302716318,154.75680541992188,174.13160705566406,149.8531093597412,154.72418403625488,152.1492841441317,160.06573274997692,154.75680541992188,154.75680541992188,181.83107
ID100,1998-03-08,168.03712,164.67963,160.15413,152.94878,144.97607,155.33073,145.759,126.777084,169.88356,114.54478,168.16893,143.54154063774033,143.64179378418171,161.21763176779464,159.1557847569868,160.79720936033192,158.3761782674569,151.0276681740827,150.87363828153042,152.9487762451172,169.88356018066406,150.8037805557251,148.66184520721436,152.4600792721795,155.68233747269554,152.9487762451172,152.9487762451172,166.73753
ID100,1998-03-15,149.0842,151.05309,151.43105,155.679,149.84232,166.93608,146.9574,145.15605,146.90993,113.92856,156.80272,145.01229842943874,144.91571186672797,150.08233761245782,151.6619916997638,150.41522742609106,151.00652626009855,148.60562267582083,148.07740503271543,155.6790008544922,146.90992736816406,148.11396026611328,147.61700820922852,149.80513970379053,151.97921514068122,155.6790008544922,155.6790008544922,176.24716
ID100,1998-03-22,172.38232,151.1784,144.09256,150.74901,149.78525,162.60234,146.19934,152.64847,142.14833,119.455826,67.46032,145.45203435846523,145.41409849688532,132.07724711565555,151.80032575503316,133.92423336856905,149.87006342430305,148.32923789785806,146.5054476297884,150.74900817871094,142.14833068847656,149.55563163757324,146.58252334594727,150.11256028409846,151.98654351644504,150.74900817871094,150.74900817871094,167.58788
ID101,1998-01-04,210.424,215.94646,198.37907,170.67107,162.40697,164.47122,157.8368,165.12483,171.96687,225.71393,210.2466,186.02860923573505,181.77295348349236,198.3994076168309,190.18754571848874,197.58222217674947,187.1265166069355,187.7023391808605,182.7361030973758,170.6710662841797,165.1248321533203,188.2311897277832,180.8195285797119,184.90272976429685,182.22584897179343,170.6710662841797,215.9464569091797,152.14003
ID101,1998-01-11,195.36618,190.28099,189.41934,171.33238,155.3498,175.46407,163.29771,172.54376,155.72586,231.94775,241.99263,180.41018776210865,176.50273987598544,194.31259836258874,190.69176132797799,193.53946088991756,187.23395856113808,180.29758837692026,176.04986622381483,171.33238220214844,172.54376220703125,184.05727767944336,174.68096351623535,178.1248012575,177.3694238897802,171.33238220214844,190.28099060058594,140.33447
ID101,1998-01-18,225.0474,185.20743,186.74951,167.556,155.91708,176.75269,160.3258,167.85844,159.04802,238.79535,305.44217,183.0289313359978,178.5042008356911,206.4935299521675,205.88750380562186,204.19307089088113,201.94387028445544,184.13389741380846,178.90851669791817,167.55599975585938,167.8584442138672,187.04390716552734,177.11329650878906,181.35811231663013,179.53097158811298,167.55599975585938,185.20742797851562,143.19728
ID101,1998-01-25,199.09276,185.39575,189.01743,169.85298,159.80351,171.07924,157.94373,176.17012,161.42624,231.07945,201.8424,179.27580974433482,176.16705982033736,186.79506481512976,182.7902150532326,186.9297833119033,179.79825022665239,179.06715567179026,176.4180527169427,169.8529815673828,176.1701202392578,182.90810585021973,174.99109649658203,176.75672709728585,176.67733156890904,169.8529815673828,185.395751953125,132.5822
ID101,1998-02-01,238.29494,199.23184,189.735,172.40105,152.57417,160.91971,158.31993,164.5253,167.40012,230.84341,210.2466,185.0720604742018,180.04323017594055,194.49794934134223,189.51896993257574,193.6905748339276,185.85235801591855,187.56496480645444,181.79038548530315,172.4010467529297,164.52529907226562,187.79000663757324,178.87512588500977,184.15048488818408,181.49427319201337,172.4010467529297,199.23184204101562,151.68651
ID101,1998-02-08,226.45094,187.04248,179.50108,155.26337,146.11954,155.80693,154.82309,168.11368,149.92029,234.81108,241.99263,176.54106540666197,173.7226290008707,190.31204488848493,190.14655238771687,188.81481983076324,186.01432580950933,178.34843595199612,174.31903333297313,155.26336669921875,168.11367797851562,179.97731399536133,170.97225379943848,174.8390554729442,173.92879523238264,155.26336669921875,187.04248046875,137.30159
ID101,1998-02-15,236.11304,171.22932,177.90543,152.0111,158.82677,166.81001,157.03891,163.21954,149.69087,241.1865,305.44217,178.53016225681225,174.99108657471234,199.13629336219907,203.4654905746496,196.8191253870549,199.15122697385908,179.79369852301633,174.7676148697801,152.01109313964844,163.21954345703125,182.64013290405273,172.6042366027832,176.54773018932138,174.74379896445927,152.01109313964844,171.2293243408203,146.58447
ID101,1998-02-22,206.96053,157.59106,175.00291,154.72475,159.2125,172.1448,164.31609,166.12163,151.03355,244.0982,201.8424,174.47394832817582,170.5993189032007,175.8717563261526,177.90837946926825,176.24321477526712,174.86165650691174,173.43166685753408,169.9174089567313,154.72474670410156,166.1216278076172,179.25635528564453,169.04788398742676,170.94020634780196,170.28802578770888,154.72474670410156,157.591064453125,130.65475
ID101,1998-03-01,184.46033,148.10776,179.1745,165.29362,155.69676,165.00966,158.6932,159.85332,165.56332,227.92894,210.2466,168.57398422591996,163.13611034239665,178.1651167964651,172.67383392956057,178.65131133889412,170.8560334147039,166.44096123761108,164.08564072310065,165.2936248779297,159.8533172607422,173.04559707641602,164.56985664367676,164.51835405007085,163.88695491840858,165.2936248779297,148.10775756835938,142.60204
ID101,1998-03-08,211.11774,133.98041,165.00719,150.67451,157.08438,159.89935,156.67224,149.59372,158.551,233.40819,241.99263,166.33336312947438,160.72680413339407,176.83343120579053,177.98531338711464,176.157290131599,175.86200488308907,165.1075180255341,161.54415510597894,150.6745147705078,149.59371948242188,170.98050117492676,161.4882526397705,162.55516649940472,160.80087242602676,150.6745147705078,133.98040771484375,85.16157
ID101,1998-03-15,226.33054,147.65459,167.55675,151.77473,152.39851,157.81053,148.81036,154.80797,150.13321,233.67438,305.44217,168.78130636396696,163.97389197073267,191.3478674457031,194.17391698555468,189.04085181836234,190.66426029922252,169.0128414987756,164.66731473377513,151.7747344970703,154.80796813964844,173.25129890441895,163.18780708312988,165.93146002523522,164.42592782157118,151.7747344970703,147.6545867919922,157.9932
ID101,1998-03-22,187.29604,160.03938,170.95042,153.77873,155.9903,151.6365,155.14153,157.57024,153.68436,241.92892,201.8424,167.69547503435774,162.37890130796123,174.42197270310055,171.2070607739049,174.0556103368337,169.07774423995653,165.59030798003144,162.3930465908782,153.7787322998047,157.5702362060547,172.09522819519043,161.53859519958496,162.76249188794375,162.0597352159251,153.7787322998047,160.0393829345703,140.64626
ID102,1998-01-04,49.689457,40.9497,41.546516,42.070553,43.79327,43.79247,42.871956,41.7832,44.4888,46.077927,39.753403,43.71493708698554,42.29986923041119,42.32088260369685,43.57713963399885,42.3308650720008,43.64659347858639,43.327828749423574,43.202357675412806,42.070552825927734,43.793270111083984,43.84898090362549,43.062804222106934,43.92176826647387,43.89824530839316,42.070552825927734,43.793270111083984,48.85204
ID102,1998-01-11,42.674767,39.649006,43.824,45.89087,48.45944,39.97325,40.526577,40.253036,40.130516,46.664307,39.824265,42.86073733595669,42.71508546803433,42.06530664431553,43.65002132731197,42.333811669614605,44.122914193986134,43.82818849767206,43.24322551620648,45.890869140625,48.45943832397461,43.45777702331543,43.105553150177,43.58309661985687,43.210520677918765,45.890869140625,48.45943832397461,33.659298
ID102,1998-01-18,42.584507,45.256943,42.01069,44.592747,44.092636,44.75206,44.73016,39.809853,39.231773,46.093872,46.102608,44.12795191270199,43.31047106054196,43.47979017572671,43.28523020100078,43.32845917108345,43.277526597982714,44.50174733470546,43.307342981912015,44.59274673461914,44.09263610839844,44.264201641082764,43.23007154464722,44.32717280530659,44.04717210582347,44.59274673461914,44.09263610839844,33.645126
ID102,1998-01-25,44.263927,44.095757,43.151836,44.21707,39.421345,45.95168,43.7377,45.161774,45.34269,47.211357,46.357708,44.361949208608394,44.68010057645654,44.66196172463329,43.95737871802039,44.51792490660738,43.42434938320619,43.809393897618726,44.15728690059704,44.217071533203125,39.42134475708008,44.00633430480957,44.319188594818115,43.75319016227009,43.95337776665908,44.217071533203125,39.42134475708008,33.531746
ID102,1998-02-01,47.11616,46.090347,44.208786,43.55801,35.54832,47.01756,42.457153,40.213425,53.759396,47.59807,39.753403,45.138357409781605,44.2060134580468,45.49864241924641,43.57690652808379,45.33931561126922,42.791739250327254,43.48211304886355,44.26233461090254,43.55801010131836,35.54832077026367,44.19930076599121,44.74923896789551,43.752195381970324,43.339162999307604,43.55801010131836,35.54832077026367,37.896824
ID102,1998-02-08,46.90756,48.331257,48.672527,48.409912,41.87829,44.098034,33.557686,39.648415,53.711693,45.83411,39.824265,45.32949795231434,45.94947951287955,47.4959294905749,44.67457101710677,47.55275437554987,44.35724571029803,44.432471292350094,45.75375670993927,48.409912109375,41.87828826904297,44.71117162704468,46.32302951812744,44.476335617448775,43.6081231321746,48.409912109375,41.87828826904297,32.02948
ID102,1998-02-15,54.589542,52.397324,48.69026,49.27009,40.7597,43.80133,40.745953,47.357235,64.97931,46.38997,46.102608,48.65196487509579,48.77970238575618,51.74416392980874,47.72621878230508,51.23980296767473,47.13584567820905,45.666665156176975,48.362785326598065,49.27008819580078,40.759700775146484,47.08052110671997,49.20565223693848,46.74798989615509,46.64676553360157,49.27008819580078,40.759700775146484,37.655895
ID102,1998-02-22,58.590282,50.38056,49.764706,48.40065,40.619694,42.40834,39.337227,45.28375,53.879463,47.519264,46.357708,48.832354618970854,47.931539164892186,50.111240070936034,45.6106417810018,49.99560839577491,45.04913030926187,45.23557547479042,46.52024605272856,48.40065002441406,40.619693756103516,47.12759065628052,47.28205347061157,46.73116855757645,46.31946775384969,48.40065002441406,40.619693756103516,48.48356
ID102,1998-03-01,57.692932,48.224625,47.59268,47.341778,34.30998,38.50711,32.258915,41.78858,36.20497,46.907227,39.753403,46.370789324366086,45.66548946342909,44.968458724243725,40.02134629196953,45.26672846631267,39.00818557407504,41.78485701748538,41.71171896922745,47.34177780151367,34.30997848510742,44.104405879974365,42.609619140625,43.46637901079244,42.937137159375695,47.34177780151367,34.30997848510742,47.363945
ID102,1998-03-08,53.502625,47.26969,44.1196,45.76016,34.87395,34.54719,30.33945,38.248688,33.688374,45.28072,39.824265,43.960389815606305,43.252148201585555,43.04695760509977,38.265420994986904,43.121596502748915,37.50531985537531,39.96722943826891,39.63752556131963,45.76015853881836,34.87395095825195,41.96167325973511,40.473546504974365,41.515386886403974,40.94797493097854,45.76015853881836,34.87395095825195,43.282314
ID102,1998-03-15,52.152794,46.35862,46.386143,45.50261,35.236877,33.869278,27.130533,38.185627,29.599485,45.253506,46.102608,43.36797449257002,43.37155691840567,43.841163382002605,37.52310314451611,44.07103937259847,36.79355894317699,39.67897827607194,39.20851428540149,45.50260925292969,35.23687744140625,41.486294984817505,40.049018144607544,40.995636082413924,40.23889743271795,45.50260925292969,35.23687744140625,46.23016
ID102,1998-03-22,51.561337,48.536423,48.751915,47.66844,35.844315,37.40464,35.195305,42.777843,34.19325,46.377304,46.357708,46.00260581641779,46.09105446753623,45.881004758383625,40.2051973357329,46.13710110453038,39.332039181372735,42.198916944614226,41.81058826512985,47.66844177246094,35.84431457519531,43.9174599647522,42.6942663192749,43.2803092520068,42.76059336515995,47.66844177246094,35.84431457519531,49.050453
ID103,1998-01-04,207.92839,192.07114,194.4706,179.98267,185.65262,187.82527,206.62541,206.62514,190.40727,218.03311,191.695,196.24957717700272,193.71302183067758,193.10117897651514,200.46671510916696,193.22700211041592,204.1368288119338,197.60331948753594,196.52715667994434,179.982666015625,218.03311157226562,196.57365036010742,194.70734977722168,196.87906756979737,196.07931921908408,179.982666015625,218.03311157226562,167.7296
ID103,1998-01-11,202.30872,192.90167,191.11,180.8504,179.35364,193.76996,197.51349,195.15443,181.98262,217.97406,180.44218,193.88888430015112,192.250064667853,188.81481398170297,198.34341443027867,189.1586665112564,202.60272973288775,196.1486111805142,194.28274877134453,180.85040283203125,217.97406005859375,194.47274208068848,192.33882904052734,195.47478002986347,193.90903522941431,180.85040283203125,217.97406005859375,156.74603
ID103,1998-01-18,189.1779,191.97545,189.48434,178.30602,180.38165,190.04027,185.93652,185.52496,188.6337,218.22128,258.33334,190.24468267832697,195.5008061891827,202.62231364333144,203.80263622537973,200.8957432398301,204.65692082200803,192.4974496739711,200.35544028806174,178.30601501464844,218.22128295898438,190.4404296875,199.49003219604492,192.12488982528956,198.9407677580785,178.30601501464844,218.22128295898438,159.29706
ID103,1998-01-25,213.5508,202.3822,195.39038,187.7017,184.51888,193.14104,193.81384,192.22412,185.81158,221.21931,218.73582,196.85075830556084,198.89804220068646,200.89740572568667,207.14779995600702,200.19943064952463,210.23426014586127,201.76951434374908,204.0701452946861,187.7017059326172,221.2193145751953,198.96476936340332,202.08001708984375,201.29175109964723,203.25552853976308,187.7017059326172,221.2193145751953,183.1491
ID103,1998-02-01,213.09106,195.55618,190.1782,182.86136,166.01804,181.29509,194.20178,195.74352,176.33093,221.51276,191.695,190.9737980844937,190.32041369786361,191.28579377068547,199.51165834044195,191.13822708847206,205.3002011777864,196.57474985335858,196.1180901952749,182.86135864257812,221.51275634765625,193.0893096923828,192.77596282958984,196.00866784237536,195.62808553616574,182.86135864257812,221.51275634765625,198.0017
ID103,1998-02-08,194.72845,195.18413,185.22215,174.18872,161.75157,177.02608,186.11505,173.9726,159.35612,220.6456,180.44218,185.0348579008254,184.50929906529186,183.1377967602279,193.9990140510291,183.2235662423973,200.59323119095174,190.34949919565406,189.39668411392967,174.188720703125,220.64559936523438,186.85771942138672,186.1486110687256,189.86428935164315,189.027330897082,174.188720703125,220.64559936523438,185.43083
ID103,1998-02-15,206.18779,204.2764,185.33652,175.07869,172.12057,181.90622,184.96104,190.14403,158.63013,220.6551,258.33334,187.78599632400397,192.87696368846127,199.83337509007492,206.50250666313173,197.8639184119616,209.20758855549505,195.13261642432738,202.84645719233663,175.0786895751953,220.6551055908203,191.31529235839844,200.48682975769043,194.50417596709212,201.17788036323572,175.0786895751953,220.6551055908203,181.39172
ID103,1998-02-22,222.57555,223.63312,195.95937,184.1338,178.66278,196.53497,182.56363,177.19199,171.5635,227.05984,218.73582,194.9229270458849,199.11181773567736,203.09167861560184,212.71073808459766,201.95493144976155,217.64177719300133,206.57584625415234,209.03016973210632,184.13380432128906,227.05984497070312,201.39038276672363,205.91190719604492,205.99716942629814,207.94754948124273,184.13380432128906,227.05984497070312,189.41327
ID103,1998-03-01,221.75899,220.09717,195.61629,188.1911,174.65527,178.53555,183.32855,179.7656,178.63486,221.14748,191.695,191.90819939017067,193.75299663199772,198.62182560949634,205.47798129147566,197.83447807037751,211.93774030440414,203.21383823487386,202.7641889027612,188.19110107421875,221.14747619628906,197.9162998199463,198.9621067047119,203.02652599061278,202.45630114320056,188.19110107421875,221.14747619628906,121.17676
ID103,1998-03-08,195.31067,201.56071,185.84082,174.6165,166.70229,168.07115,168.82399,162.03989,167.40617,220.46968,180.44218,181.6273766429064,184.32531389754064,185.81015564925042,194.7679627708974,185.3970117938721,201.77567867809276,190.2569918338455,190.07134098881443,174.6165008544922,220.4696807861328,185.17447662353516,186.62675094604492,190.2231338965627,189.85724098893212,174.6165008544922,220.4696807861328,165.78798
ID103,1998-03-15,191.45056,196.37651,187.99213,176.99852,186.68353,175.85495,171.67819,172.58545,170.66185,216.21806,258.33334,186.15977988951562,193.87879856833467,200.10266779903708,203.46074513570227,198.3150229917186,204.63653282913822,191.2565439820571,199.82981524097673,176.99851989746094,216.2180633544922,187.90655708312988,198.73845100402832,191.27403379637548,198.56038675471802,176.99851989746094,216.2180633544922,169.60034
ID103,1998-03-22,176.74037,202.78273,190.84021,177.86598,162.68144,175.96446,170.56483,166.92978,164.38696,220.16443,218.73582,182.59616581062463,187.49665231093067,193.18563727367246,196.69495724235816,192.39564766885957,201.75109431873705,188.9969594128292,193.2269341017097,177.86598205566406,220.1644287109375,184.70055770874023,190.72193145751953,189.19680333896724,192.69365951716992,177.86598205566406,220.1644287109375,180.35715
ID104,1998-01-04,94.82652,102.7723,105.89264,95.77523,95.62438,96.75621,95.116264,100.70976,103.92826,120.91163,124.95748,97.0252542373753,99.4720710540066,107.46211974548633,109.32111664578133,107.0466923841285,112.79640751922642,105.95749777977747,105.30267751194346,95.77523040771484,120.91162872314453,100.959397315979,102.69656944274902,101.68331179440027,102.11780922042895,95.77523040771484,120.91162872314453,90.9864
ID104,1998-01-11,97.0115,102.94424,107.317,100.472374,95.14369,100.1431,93.71948,100.69926,100.23923,124.692696,117.715416,97.88241719097195,100.31299584069934,106.81013416839033,110.33569990407501,106.75988265867129,114.64743668209658,108.8058722019984,107.36152578473224,100.47237396240234,124.69269561767578,102.68050956726074,104.18992328643799,103.68052820291527,104.13554998718763,100.47237396240234,124.69269561767578,102.53685
ID104,1998-01-18,108.09375,110.75881,114.59803,103.85569,102.01694,102.961845,98.78131,100.6383,107.35295,128.26291,166.66667,104.19222235498705,106.21482366269512,121.39533874086538,117.34688703309229,120.34680437790439,120.7396317333429,114.47718344554275,112.59875655006046,103.8556900024414,128.26290893554688,108.6661605834961,109.56528568267822,109.4677926832072,109.19232201000668,103.8556900024414,128.26290893554688,105.47052
ID104,1998-01-25,105.264885,110.64858,110.73093,103.89725,104.625626,106.35326,101.15051,105.9317,107.28937,121.35964,103.95408,105.4721279502852,107.16876571288591,108.34634407972398,111.45504577971852,108.50545398916248,114.44313829311227,111.55311905627858,110.68466880081618,103.89724731445312,121.3596420288086,108.00383472442627,108.93445110321045,108.58485854726356,108.86640476923876,103.89724731445312,121.3596420288086,121.32937
ID104,1998-02-01,121.187225,116.86843,114.85136,110.52462,108.80763,107.45065,108.207634,113.80054,111.45625,123.93578,124.95748,111.87575818374995,113.65400662652151,116.85382640755957,117.02623104061985,116.50353881534824,119.23439543333771,117.39049084073213,116.58296294527756,110.52462005615234,123.93578338623047,113.9791669845581,115.00935745239258,114.3159835654051,114.77303349252973,110.52462005615234,123.93578338623047,147.47733
ID104,1998-02-08,110.97568,106.27711,110.021614,104.293465,104.16483,104.99672,103.98703,107.35903,102.239174,129.18124,117.715416,105.81539070005793,106.20942723859609,109.87600783682514,114.0636394818756,109.89861140152969,118.7974116777593,113.95083206319818,112.39754185552701,104.29346466064453,129.18124389648438,109.23721122741699,109.4180040359497,109.97426585258414,110.13611684034856,104.29346466064453,129.18124389648438,121.17347
ID104,1998-02-15,114.37188,108.82992,108.01603,103.83543,104.92028,108.70614,103.60632,107.508896,105.435814,131.47047,166.66667,107.69241298538932,108.94670078938864,119.63289171904648,117.95886218712752,118.24350832042778,122.32797475125699,115.19960866845115,113.69710568621191,103.8354263305664,131.47047424316406,110.46955871582031,111.02182197570801,111.32466927586091,111.47305370451153,103.8354263305664,131.47047424316406,113.151924
ID104,1998-02-22,111.69983,109.69153,111.75615,102.280334,102.27483,110.13175,101.65379,104.322205,106.620605,131.72061,103.95408,106.83224707893103,108.83359015950873,109.01600866180645,114.35633780031252,109.3235803265099,119.79089429473633,115.42303490580358,113.67201746052476,102.28033447265625,131.72061157226562,110.15110397338867,111.02787685394287,111.07885143592522,110.97565898717174,102.28033447265625,131.72061157226562,118.80669
ID104,1998-03-01,122.629684,107.418785,112.550255,109.497055,112.60592,114.25151,113.03158,112.811485,117.09502,121.33355,124.95748,113.63177052336862,114.5147209921716,115.25464627090962,116.51192705216494,115.07219164762526,118.20416777457693,115.25940966413553,115.17254791074944,109.49705505371094,121.33354949951172,114.16479206085205,114.69841766357422,114.40764930410991,114.30990416819395,109.49705505371094,121.33354949951172,139.51247
ID104,1998-03-08,117.330124,104.99954,109.17982,106.96796,110.766106,109.49682,111.210434,110.1205,109.92813,127.09675,117.715416,110.45716597376112,110.05961321211085,111.21329411136914,115.36995413346786,111.10667295291897,119.2045317886654,114.63366028584463,113.8304551853098,106.96795654296875,127.09674835205078,112.13094329833984,111.88995456695557,112.59817720671899,112.38189738205071,106.96795654296875,127.09674835205078,110.728455
ID104,1998-03-15,118.75715,106.40195,109.71331,107.398125,105.20166,108.57938,108.41835,106.64408,106.803215,126.57934,166.66667,109.12298611400901,109.43965957679791,120.23797452871361,117.29338455311387,119.05510430450025,120.42540384245369,114.9824861846163,113.53957000901777,107.39812469482422,126.57933807373047,111.38115692138672,111.35956764221191,111.94021771016003,111.52583326475592,107.39812469482422,126.57933807373047,100.43934
ID104,1998-03-22,107.93692,106.33128,113.496895,106.00322,107.02656,112.13586,109.48522,104.95938,107.68141,127.94379,103.95408,108.77138107987203,108.30685400010438,109.03344035487903,114.22699939014059,109.61414917846882,118.51124400478619,114.51582802151086,113.06174963287334,106.00321960449219,127.94378662109375,111.29496765136719,110.81109428405762,111.9108274623834,111.17739628852875,106.00321960449219,127.94378662109375,112.25907
ID105,1998-01-04,169.02345,169.51016,160.00456,153.21643,159.79163,155.56253,169.63405,149.87665,168.31186,182.22922,194.96883,167.4280243309643,170.1745820767423,170.34706974038323,172.54853282602167,168.86451589493473,177.6189045053126,165.52637680158676,168.85970111629567,153.2164306640625,194.9688262939453,164.87150382995605,168.82456398010254,165.18431480395867,165.21026048999767,0.0,149.87664794921875,125.90703
ID105,1998-01-11,164.77629,160.218,156.12321,150.95782,147.67496,153.51826,154.7522,148.95992,160.8549,182.02306,161.06859,162.49292568497066,161.07069241104074,159.73522806544514,156.45691580675884,159.23603643470167,158.19209477836733,157.7737863989338,157.25167927251977,150.95782470703125,161.06858825683594,158.7554759979248,159.12390899658203,156.40492734596896,155.19109615797123,0.0,148.9599151611328,152.40323
ID105,1998-01-18,151.6044,153.16304,150.57407,143.50142,135.89561,153.71548,150.35033,140.63484,159.85403,179.36003,211.60715,155.1251143452018,162.71120834481718,164.45655076959662,168.60856576812466,162.69698538767557,178.1821106703783,150.50403694740888,159.8743643267947,143.5014190673828,211.60714721679688,152.2705478668213,159.54136085510254,149.58790939100476,154.46040125051562,0.0,140.6348419189453,122.29308
ID105,1998-01-25,149.21263,161.03593,150.47545,146.58568,135.86945,151.32791,147.08044,149.63548,156.81831,177.31133,168.73582,155.57992005685276,157.98703399099787,157.6373959144247,155.55315497977355,156.57442537992208,159.06524044199713,151.09992515756832,154.20491004102666,146.58567810058594,168.73582458496094,152.36235237121582,155.02612495422363,149.5778105267904,151.45815537339368,0.0,149.63548278808594,128.45805
ID105,1998-02-01,154.9281,165.5726,160.31918,155.87918,133.18764,150.80777,162.30295,147.77493,151.65018,183.5932,194.96883,161.9370486740195,164.70609068280402,166.67655233026488,165.25369526915108,165.66336428752592,172.0430292424518,156.37818888612748,161.50887331017321,155.87918090820312,194.9688262939453,158.32382774353027,161.6420021057129,153.7550154993793,155.30930614555712,0.0,147.77493286132812,141.38322
ID105,1998-02-08,148.62407,151.92471,159.54845,152.40971,132.93692,146.18883,149.98,141.75923,143.12756,188.07333,161.06859,158.8080785987436,155.64757005326754,155.83890842770242,149.39688011406702,156.20300997809667,152.74206602878286,150.2966523127177,150.19289725477157,152.4097137451172,161.06858825683594,153.71075248718262,152.56945991516113,147.4454031933593,145.56863756351214,0.0,141.7592315673828,138.37868
ID105,1998-02-15,135.8279,148.28009,141.92404,139.88531,133.43199,138.90347,141.72374,138.71695,138.29054,183.3699,211.60715,150.29764714198475,159.61800670425487,156.92327713635297,164.6443593707852,154.9498382807745,174.7940862493927,143.5592290185052,154.91827683926172,139.88531494140625,211.60714721679688,145.418306350708,153.9826488494873,142.22040574923128,146.3422191016708,0.0,138.71694946289062,133.6026
ID105,1998-02-22,131.65666,154.85948,143.99495,136.95013,129.80467,134.91118,137.11882,137.83406,138.69908,185.17572,168.73582,149.94135746152722,152.3409108887798,150.31699384305924,148.77604523527344,149.17286373612276,153.7732563958835,142.58600902891436,146.58507886304267,136.95013427734375,168.73582458496094,144.30895233154297,147.51205253601074,140.53208806453512,140.86618432250586,0.0,137.8340606689453,128.20294
ID105,1998-03-01,155.098,166.05368,156.99751,149.30081,131.88507,151.63991,148.48288,140.37506,151.71225,182.7897,194.96883,159.46276539864476,162.04266685171376,165.13541271914124,163.85794540749498,163.87788860114642,171.01477547436963,153.45436349839707,158.53060459228712,149.30081176757812,194.9688262939453,155.28094673156738,158.91164207458496,150.78048461945417,152.18919062392234,0.0,140.37506103515625,145.394
ID105,1998-03-08,157.89638,158.0506,159.21715,153.91315,133.90215,143.31754,139.62465,132.39015,144.33432,186.88315,161.06859,160.76809448420465,154.6743909593461,157.715311339618,149.53304123588416,157.749471325499,152.88751887749666,151.13597610792144,149.12531190252133,153.91314697265625,161.06858825683594,154.10059356689453,151.64164924621582,147.09116430417228,143.89055317887,0.0,132.39015197753906,119.37358
ID105,1998-03-15,136.31062,152.42552,150.48218,145.56337,136.64725,138.26274,132.72047,129.50876,137.10529,180.56416,211.60715,152.1654431627634,157.13681824718685,160.17044984428247,164.13359376741715,158.72130560434704,174.3289892214861,144.2997434565956,153.2021208653477,145.56336975097656,211.60714721679688,146.62203979492188,152.25583457946777,141.8067560800694,144.3469886190845,0.0,129.50875854492188,129.93198
ID105,1998-03-22,107.651695,155.7769,144.0137,138.18219,136.63303,137.42099,130.90085,132.06123,131.60393,179.48782,168.73582,145.10456377633793,146.70323909855261,147.88790872643517,146.63814495614477,146.91052449189405,151.8092666876511,139.6351392259034,143.3120037507082,138.18218994140625,168.73582458496094,141.25839710235596,143.5835428237915,138.85667378306866,137.99785119406417,0.0,132.0612335205078,135.72845
ID106,1998-01-04,143.73996,129.2971,111.43688,102.02623,100.40545,107.11948,102.38745,106.403145,109.997154,156.64296,141.21315,116.23988373823903,114.69641716095825,123.00067495173917,115.0617422617406,121.44875819536622,114.09474811398908,118.42039590008218,116.99996991185421,102.02622985839844,129.29710388183594,119.13193893432617,113.80317497253418,120.51942193110804,117.04519212671485,102.02622985839844,143.73995971679688,104.081635
ID106,1998-01-11,124.255005,118.24273,119.06838,111.5481,102.07267,120.04437,106.141495,112.30941,104.03029,161.61838,159.15533,114.38697825934663,111.21716308210219,125.51751395718594,115.08382799376619,124.8328998168204,112.25508500354591,117.06721933770274,115.0237785377673,111.54810333251953,118.24272918701172,120.37389183044434,113.9463701248169,119.52475226689951,115.33374176023919,111.54810333251953,124.2550048828125,93.5941
ID106,1998-01-18,129.66249,129.91577,121.72062,114.70023,110.802635,121.625275,110.35931,115.11851,103.48027,166.36707,229.93198,120.51958158981633,115.00286888812613,142.2088527169665,119.20803741332196,139.65447414534384,115.35593002766959,122.6522302533465,119.46543215660343,114.70023345947266,129.915771484375,125.64417457580566,118.37822532653809,124.91705992976809,119.66545547941342,114.70023345947266,129.66249084472656,104.84694
ID106,1998-01-25,129.57645,128.72084,121.62167,116.69606,111.933464,120.7203,114.866974,121.12346,110.07506,157.58124,132.78061,121.3191614454584,117.93890312230587,124.87829095877397,120.8458038519525,124.46013317819838,118.27874673193034,122.81760826504633,120.86310778120466,116.69606018066406,128.72084045410156,125.21462440490723,120.05841255187988,124.79011377055072,121.25232436164987,116.69606018066406,129.57644653320312,122.30726
ID106,1998-02-01,141.06789,147.26376,129.15034,124.60241,109.967575,124.95092,125.019066,125.85923,122.03527,160.31377,141.21315,129.4774875412927,126.72385968121914,135.3239381198734,130.8036154163657,134.328728095,128.8975386671839,132.45373669856136,130.622471790975,124.60240936279297,147.26376342773438,132.79196643829346,128.11217498779297,134.29582146708947,131.67831653333909,124.60240936279297,141.06788635253906,135.45918
ID106,1998-02-08,152.27219,129.37799,127.39257,120.15639,101.66088,117.02428,113.2089,120.947685,113.344734,165.6084,159.15533,122.81258696595656,120.30624687640423,133.89179621445788,124.48872257194674,133.14162316702058,121.74488555978694,127.35758912476224,125.19167629758557,120.15638732910156,129.37799072265625,128.3376989364624,122.7720890045166,129.86974266381182,126.2552644867254,120.15638732910156,152.27218627929688,84.72222
ID106,1998-02-15,139.44875,129.18277,125.69208,116.555756,109.524956,121.48945,115.71224,122.3948,115.17023,168.96547,229.93198,123.37942873488758,121.01102023997235,145.79499966089338,123.56838872490252,143.3078882486604,121.57699177724842,125.42555611917369,123.9007660460279,116.55575561523438,129.18276977539062,128.32143306732178,122.43234729766846,128.07215634019533,124.43760215440797,116.55575561523438,139.44874572753906,104.01077
ID106,1998-02-22,148.35266,124.72531,121.02781,112.533325,106.87434,113.31048,109.60107,117.66997,116.724434,171.66055,132.78061,120.93906937133103,120.25826903577686,126.31657787147037,120.7669035170963,125.72846447916386,119.86326467624379,123.12355707429406,122.29058800027912,112.5333251953125,124.72531127929688,126.01069259643555,120.15229034423828,126.09154863059435,122.5334563896426,112.5333251953125,148.3526611328125,107.21372
ID106,1998-03-01,138.51573,143.79361,132.04155,124.715965,117.42211,128.74318,125.479065,124.64389,120.36746,156.86649,141.21315,130.59134940621036,126.78940681724347,134.82444958074933,130.62323840772237,134.29540199221339,128.2424822284005,132.80693672592093,130.54225997579167,124.7159652709961,143.79360961914062,133.44721221923828,128.78043746948242,134.2184374991165,131.19315838783348,124.7159652709961,138.51573181152344,123.75284
ID106,1998-03-08,140.64236,122.28043,126.43288,118.16771,113.71427,120.74531,119.11031,121.34118,111.08459,162.4265,159.15533,123.90356100463384,119.34083522312733,130.93701023636285,122.43136193187686,130.50639074502814,119.62463950029311,124.86028536080642,122.54350446414972,118.16770935058594,122.28043365478516,127.93997192382812,121.80109119415283,127.35573546447955,123.37129859619604,118.16770935058594,140.64236450195312,108.61678
ID106,1998-03-15,125.86743,117.29562,127.69772,116.58464,107.43375,120.60003,106.80983,110.23592,101.4588,160.16092,229.93198,115.87312118639353,111.06289726643053,140.72419677952672,116.41943796940777,139.19183039510182,112.43106056930665,119.5952755320948,116.5114459377561,116.58464050292969,117.29562377929688,122.80624294281006,115.8967399597168,121.75880307665454,116.74174942273382,116.58464050292969,125.867431640625,110.71429
ID106,1998-03-22,117.87916,117.94873,123.63079,115.61833,110.663246,116.87607,114.399155,114.10545,104.146965,165.4259,132.78061,116.542645096365,111.46899493056603,122.07225989520698,115.71271455605446,122.28863774108873,112.76300970580328,117.40860295060169,115.0797711135696,115.61833190917969,117.94873046875,122.80517292022705,115.10859298706055,120.45349552880579,115.71628507413028,115.61833190917969,117.87915802001953,120.86168
ID107,1998-01-04,118.079666,114.58911,122.98981,124.17851,115.81485,116.15373,117.47457,118.952324,111.15288,122.96942,119.86961,120.74411540102221,120.56915560087381,118.86690557731677,119.71751693782406,119.43901966612839,119.37002696464282,119.57677987537703,119.38621258075683,124.17851257324219,114.589111328125,119.0312089920044,118.70548248291014,119.70153328779737,119.77296180785125,124.17851257324219,124.17851257324219,101.95578
ID107,1998-01-11,114.63383,120.20054,126.52574,126.773865,123.71111,124.86609,122.48698,126.13977,121.67567,125.79033,127.04082,123.46179057838242,123.77032490369749,124.01708035528365,123.34477171335944,124.3395197154012,122.99209295913172,122.48810623887103,122.83364317707381,126.77386474609375,120.2005386352539,123.12355995178223,123.29398727416991,122.99620599178255,123.13320982136439,126.77386474609375,126.77386474609375,98.696144
ID107,1998-01-18,113.03808,122.97347,126.18339,125.97742,128.33435,127.393814,135.74986,126.26387,117.01133,124.092445,137.6559,123.10761191597484,124.60445711780572,125.39392678821544,126.03357225350237,125.48291134426266,125.60176359513038,123.18069143664944,123.90835395547013,125.9774169921875,122.97347259521484,125.46785354614258,124.40829753875731,124.41243422173993,124.91798765503867,125.9774169921875,125.9774169921875,91.312355
ID107,1998-01-25,119.833405,120.67815,122.895294,124.39056,123.13444,124.73671,126.171585,122.54377,115.04414,120.937294,112.37245,122.26249971445498,119.90100775296021,119.21742481012626,120.68663446121133,119.7463934754024,120.59727821947195,122.02821510300089,120.81976162400755,124.39055633544922,120.67814636230469,122.84717845916748,119.91071605682372,122.43679995312303,121.96982522239442,124.39055633544922,124.39055633544922,95.37982
ID107,1998-02-01,125.800415,121.64366,130.99019,130.18019,125.28021,125.81761,126.33938,124.04728,113.098976,125.354996,119.86961,126.91609351877958,125.04936215086903,123.71831193583685,125.45555509662864,124.69895602660328,125.18680090509943,126.4258207833402,125.39137107459707,130.18019104003906,121.64366149902344,126.42583179473877,124.02728176116942,126.63079914607353,126.35984577346863,130.18019104003906,130.18019104003906,124.26304
ID107,1998-02-08,129.49162,127.88393,133.37106,132.27153,128.7622,129.34491,126.11045,126.631516,134.21007,127.39325,127.04082,129.75088740041622,129.6275829530831,130.66609248691898,129.24424930769163,130.98472080511894,129.17216471123876,129.82006213698835,129.8186144419604,132.2715301513672,127.88392639160156,129.32861995697021,130.05306053161618,129.7631788907319,129.65572780395743,132.2715301513672,132.2715301513672,108.106575
ID107,1998-02-15,131.7026,131.62508,129.2392,129.42625,130.2843,126.307,141.48595,138.87163,122.70888,126.37347,137.6559,128.7131942268772,130.10387969368455,130.21409415692506,131.8570265047764,130.04673887296283,131.84146827972577,130.25771928660168,130.42940058428456,129.42625427246094,131.6250762939453,130.80548095703125,129.8769598007202,130.76382198728368,131.13585831589768,129.42625427246094,129.42625427246094,106.264175
ID107,1998-02-22,121.18839,118.57287,124.64646,126.60198,125.75853,124.741806,129.68332,129.99846,117.668015,125.70328,112.37245,124.51495931063336,122.07790724926959,120.26033795137249,122.02700593032398,120.92497476219884,121.68949657989646,123.4924490991882,122.16617173652875,126.60198211669922,118.57286834716797,124.61207962036133,121.56399726867674,124.01012886768669,123.50510635446709,126.60198211669922,126.60198211669922,113.64796
ID107,1998-03-01,121.049484,121.560265,129.39339,127.65217,122.01123,122.777756,126.1514,124.97991,115.34635,123.66812,119.86961,124.27013948997163,123.18367706534256,123.00816291679118,123.78819949067713,123.79095820125248,123.56224107803043,124.18365455257342,123.46583884851906,127.65216827392578,121.56026458740234,124.2829761505127,122.56882762908934,124.62112800401782,124.45377293521858,127.65216827392578,127.65216827392578,119.982994
ID107,1998-03-08,118.06341,120.153114,127.33086,125.77605,122.46156,127.05533,125.75365,123.674355,118.13407,125.51015,127.04082,124.13402520655865,123.89196926076123,123.70517238709296,123.88447222445878,124.2071318022311,123.53653538603265,122.98290501814733,123.06481656896372,125.77604675292969,120.15311431884766,124.01301383972168,123.05875301361083,123.52847967427748,123.61294907364359,125.77604675292969,125.77604675292969,104.10998
ID107,1998-03-15,126.49158,120.88383,123.55604,119.65559,123.02198,129.70705,124.8159,120.62594,125.52229,122.815475,137.6559,123.72407017291333,125.39695975049352,125.62773907885683,125.02371051845849,125.46530818029964,124.85970706331867,122.74294574741106,124.02877576477246,119.65558624267578,120.88382720947266,123.86842918395996,124.95033454895018,122.69639160224291,123.20140139519037,119.65558624267578,119.65558624267578,71.59864
ID107,1998-03-22,115.84157,119.546074,121.06187,122.107635,128.26582,128.44891,127.43689,125.92774,120.99519,121.71018,112.37245,121.67839072589116,119.29315162657113,119.03789647156461,119.8229818392098,119.38558060008405,119.63481542246916,121.04190168504425,120.067403574557,122.10763549804688,119.54607391357422,123.05236911773682,120.23759937286376,121.62209457934203,121.10746697113775,122.10763549804688,122.10763549804688,86.94728
ID108,1998-01-04,161.58127,178.39737,186.40968,164.21854,182.08466,173.54573,166.12292,174.04124,168.5064,205.09587,217.80046,177.88639304293514,176.9063013764886,184.8058729713659,186.57264084051553,184.63543093872417,183.62136473723427,178.52316328822,178.08123536130805,164.21853637695312,205.0958709716797,177.18200492858887,177.54187774658203,177.3489209333879,177.5139400582755,164.21853637695312,161.58126831054688,164.01643
ID108,1998-01-11,160.86394,176.5128,183.08073,166.89308,169.18227,175.8389,166.47292,173.11993,164.43834,209.41817,205.01701,176.505758048162,174.81347560663053,181.14749380262037,183.8864034059204,181.17158355431704,180.37412521786246,177.1501067684859,176.13552813038413,166.89308166503906,209.4181671142578,176.03285026550293,175.43865776062012,175.91929933778752,176.05648658835304,166.89308166503906,160.8639373779297,163.46371
ID108,1998-01-18,163.01271,178.20306,186.73834,170.0315,177.28487,175.75867,170.39915,177.43602,168.4532,213.39044,272.17972,179.70490249069783,178.54826474640996,196.07256783975436,197.09626647731574,194.6623493935571,192.75381900924825,180.61429262330464,179.99874959035418,170.031494140625,213.39044189453125,179.35234260559082,179.31876754760742,179.25675118769965,179.46920606023784,170.031494140625,163.01271057128906,176.14796
ID108,1998-01-25,171.24019,186.41872,190.38121,177.41434,182.91411,183.10654,175.90218,186.51996,172.2419,206.93985,178.88322,184.8412911957109,183.5352143308137,182.89991915235694,185.60298108713295,183.6052123006937,183.66497722397787,185.21420253783447,184.75079920674543,177.41433715820312,206.93984985351562,184.28964042663574,184.2587833404541,184.28559205046665,184.89918540212813,177.41433715820312,171.2401885986328,161.38039
ID108,1998-02-01,201.25038,190.7891,200.85193,187.78888,179.73225,183.4935,184.97743,192.78519,185.80421,210.48021,217.80046,193.55945543611278,193.6148616795065,198.6956127858072,199.5816623196974,198.82587329358284,198.01299221580865,193.87470291173585,194.23795328548607,187.78887939453125,210.48020935058594,192.42045974731445,193.6852684020996,193.4460469766152,193.76173359584618,187.78887939453125,201.25038146972656,185.7568
ID108,1998-02-08,180.62984,170.48102,190.31174,174.097,167.92181,181.13626,176.53783,179.11636,173.36642,215.19826,205.01701,182.01316211607656,180.81264462545403,185.48609241445467,190.28524842540483,186.14683784654005,185.9632812370172,182.9973158565671,182.1287549828416,174.0970001220703,215.19825744628906,182.0392189025879,181.39030647277832,182.06022534956963,182.00415876224432,174.0970001220703,180.6298370361328,174.4331
ID108,1998-02-15,195.07332,182.06445,184.37596,171.61174,179.21283,180.48346,179.12605,180.693,173.81433,217.97847,272.17972,187.05134199552376,185.6542495832306,199.2656098366652,206.24842283359084,197.44268118747632,202.17964545177776,188.09921638643561,186.98263305335362,171.6117401123047,217.9784698486328,186.24078559875488,185.60301208496094,187.52294545030594,187.19235735765452,171.6117401123047,195.0733184814453,192.37529
ID108,1998-02-22,186.44325,190.07289,190.76155,176.66608,184.16537,187.8676,172.69128,184.04071,171.74605,220.91855,178.88322,190.48253931815424,187.94800384460683,185.07020855210095,192.8405515297651,185.68415331786156,189.98704445332876,190.78919348078585,189.36765401107326,176.66607666015625,220.91854858398438,188.69832229614258,188.101806640625,189.99597505887718,190.16107087096967,176.66607666015625,186.44325256347656,181.95862
ID108,1998-03-01,215.52081,195.10593,200.23018,190.51096,191.07414,193.6828,191.09682,193.39255,185.77585,207.30602,217.80046,199.3384561650718,197.82800425850303,200.2951261929968,204.52081563037717,200.345931756431,203.28178579723166,199.38863243172588,198.30597625696706,190.51095581054688,207.30601501464844,198.06595611572266,197.3645534515381,199.56356841268058,199.30483453293107,190.51095581054688,215.52081298828125,186.05443
ID108,1998-03-08,199.36359,179.61731,191.30745,181.51831,186.85793,177.46014,184.69408,186.82077,180.1818,213.12204,205.01701,189.79177548739,189.71084634768866,190.32211144584062,196.75566127118356,190.48779075916403,194.05324356759348,190.9619061427024,190.85858700155745,181.518310546875,213.12203979492188,189.2426052093506,189.84864807128906,190.39934254728047,190.28542293346246,181.518310546875,199.36358642578125,176.81406
ID108,1998-03-15,190.70636,181.07027,188.19398,180.7685,179.2967,179.17505,178.94922,176.93433,172.30418,210.31578,272.17972,186.8892417808869,185.2051842667868,200.24457966022902,202.99782089970023,198.7755991027402,199.39685214109613,187.61032117227612,186.0926390156711,180.76849365234375,210.31578063964844,186.0594825744629,184.94876289367676,187.0018335256342,186.3181540589094,180.76849365234375,190.70635986328125,190.91553
ID108,1998-03-22,187.50758,192.38806,192.86609,183.74161,185.72876,181.25212,182.96027,178.96729,175.98439,215.28445,178.88322,191.08051777911697,189.41756574476724,187.3021309447231,191.1680602096294,187.80776531353573,189.34861450259282,191.79002396803162,190.1652472153932,183.74160766601562,215.28445434570312,190.21611785888672,189.05852890014648,190.94819365726573,190.06213875478343,183.74160766601562,187.50758361816406,201.24716
ID109,1998-01-04,140.48376,148.12651,128.04778,140.06584,136.05374,130.7361,141.70352,134.28499,154.60243,147.48973,125.368484,136.42617553727516,138.51375129251272,138.5877795002451,141.73980647108047,137.175372518515,137.65971312193972,138.6525622323718,140.394073023362,140.0658416748047,136.05374145507812,139.0883731842041,139.92588996887207,138.51810789259605,140.86642690997652,140.0658416748047,136.05374145507812,180.85318
ID109,1998-01-11,144.95303,146.32681,135.8901,147.50558,132.56122,130.66826,114.69005,115.62581,127.17971,145.29155,121.48526,135.67193433642237,131.64322220233987,136.17785387168254,133.45110336335864,136.14108974956778,132.71886746828457,137.3053173005488,134.5468765829837,147.50558471679688,132.56121826171875,137.23582649230957,135.13113117218018,138.11259444098934,137.7613571202339,147.50558471679688,132.56121826171875,94.472786
ID109,1998-01-18,155.7692,166.69098,142.75641,147.43752,134.16965,153.61542,126.71714,133.19539,119.616425,136.81758,135.30328,143.12979134672773,137.66495363041793,143.13807186728218,137.5364395202663,143.03241598956254,137.65334169211505,145.74963470890484,140.80383047388594,147.43751525878906,134.16964721679688,145.49673557281494,141.78742027282715,146.25481861262716,143.20088131416594,147.43751525878906,134.16964721679688,83.2483
ID109,1998-01-25,137.841,152.43549,124.7525,134.47227,142.30446,166.91766,131.97144,138.84059,151.3018,145.67339,152.14003,144.4831780499004,145.924257475551,142.07349034373985,150.77759822881777,140.18703386073275,147.578003412128,143.64238754383834,145.86815998564265,134.47227478027344,142.30445861816406,142.0460262298584,144.58727073669434,142.89016288838684,144.85530316064887,134.47227478027344,142.30445861816406,96.64116
ID109,1998-02-01,146.40384,146.59625,136.81725,139.00081,148.11511,186.39737,139.8498,133.29189,184.86511,149.64767,125.368484,154.55262909228045,157.72028007366288,145.54244298539703,165.118102101847,144.93145141326647,157.2102253639622,150.82158562362198,155.87003172249797,139.0008087158203,148.1151123046875,149.10351181030273,153.09143257141113,149.8867201361609,155.98711686800038,139.0008087158203,148.1151123046875,109.41043
ID109,1998-02-08,152.08522,142.44048,151.05672,151.3264,150.45059,178.8492,112.62245,123.58536,179.5121,144.76395,121.48526,154.27253730323716,156.17516526042021,148.26369585686203,162.1880258622254,149.03285632308916,156.66926893712773,150.15700837894573,155.04140621817416,151.32640075683594,150.45059204101562,147.9493751525879,152.7480983734131,150.52747477809123,157.31539579193048,151.32640075683594,150.45059204101562,105.04535
ID109,1998-02-15,175.86108,155.867,149.5597,156.43184,133.23933,176.61787,129.77829,145.04787,212.23094,135.97313,135.30328,152.18130563546862,160.46273494728624,159.5629639910614,163.73279578987584,158.6327091092405,149.4143986489586,151.6887475189638,160.34930425282425,156.4318389892578,133.2393341064453,151.66603088378906,158.1209602355957,152.15798621797197,162.93614066824148,156.4318389892578,133.2393341064453,134.6797
ID109,1998-02-22,200.82095,171.12944,147.66185,146.05583,123.09614,159.91977,131.46198,140.461,197.08687,141.37196,152.14003,148.0376124102483,151.93501530618977,163.05507051538902,154.90158182996413,161.13379974538185,140.41722573928826,151.1673624710864,154.48957684626987,146.0558319091797,123.09613800048828,152.68974018096924,153.34785747528076,151.9998894872867,160.30839830059682,146.0558319091797,123.09613800048828,154.23753
ID109,1998-03-01,190.11635,164.05153,148.84575,143.85823,119.20432,145.92685,126.81978,125.68445,121.48094,150.51137,125.368484,143.87248301099433,134.8468344839679,144.80378374186262,132.71862662661655,145.34133449793046,128.17114713130044,146.78052151091225,138.07676454778948,143.8582305908203,119.2043228149414,148.6667718887329,139.94542980194092,147.77312627353749,144.85666218212867,143.8582305908203,119.2043228149414,125.85034
ID109,1998-03-08,202.69852,182.24203,135.9633,142.48946,119.99197,143.65326,112.605934,113.40253,102.45482,144.41364,121.48526,140.76563896261473,127.13064266384922,141.5046752162571,128.58415871922634,140.8197487339028,127.07806376779341,146.75105646705552,133.66756190998947,142.4894561767578,119.9919662475586,148.00726318359375,135.5763750076294,148.03907530448228,142.93022607898948,142.4894561767578,119.9919662475586,119.24603
ID109,1998-03-15,187.95978,151.72682,136.08548,143.28247,112.701,141.70592,91.69882,116.84158,86.09803,134.2577,135.30328,134.4807085283944,122.09597439527974,134.61964094147288,118.08664280843279,135.20562794868556,119.15507176853217,136.67937309521014,125.23039168847829,143.282470703125,112.70099639892578,137.42724895477295,127.83737564086914,138.31414267441866,132.81501923207173,143.282470703125,112.70099639892578,132.59637
ID109,1998-03-22,181.55318,174.97308,142.89021,146.63185,119.87627,150.45047,106.40811,134.57361,102.05623,135.20407,152.14003,139.97966221977592,131.5889324234134,146.29527030369286,128.13975526456147,145.85695681922897,127.56128496089292,144.28519966384252,135.96079783398957,146.63185119628906,119.87626647949219,144.74840545654297,138.33197402954102,145.62357046607437,141.05410271936304,146.63185119628906,119.87626647949219,136.46542
ID11,1998-01-04,100.96489,94.75143,99.41528,97.515526,98.92996,97.19635,104.21135,100.71593,114.06828,117.598366,111.59297,103.089569069112,100.53772671805196,103.90433630913165,106.34528519699361,103.3856384384793,107.26740408352326,100.71331909822786,102.0651707678195,97.5155258178711,97.19635009765625,101.32289409637451,101.62719631195068,101.04865080808553,104.33497557542462,97.5155258178711,114.06828308105469,88.09524
ID11,1998-01-11,108.05835,99.85883,108.95955,102.479996,103.449066,101.68834,109.696655,106.37309,110.14857,123.817474,148.90874,109.15205934868129,106.16379898169419,114.76759655519066,112.16515329973916,114.05319728005108,112.24262987817525,106.41343846623516,106.03073020840499,102.47999572753906,101.68833923339844,107.25103282928467,106.35670185089111,106.98464857391001,107.87855549681991,102.47999572753906,110.14856719970703,76.105446
ID11,1998-01-18,108.29318,103.23505,106.31293,102.8971,103.08061,108.05345,116.0261,106.91167,113.44867,123.13674,145.81917,110.48426427108456,107.7980605015101,114.71890829641072,113.63885770953583,113.74200461343185,113.810578414455,108.34650918003075,108.26179099433567,102.89710235595703,108.05345153808594,108.87939548492432,108.12796401977539,108.64796873726362,109.91236772065757,102.89710235595703,113.44866943359375,87.64172
ID11,1998-01-25,98.22633,114.23488,107.337845,106.28572,108.699745,107.70952,113.97601,113.85843,110.479675,116.81444,97.61905,108.96238325910817,105.16717100386946,107.16910518879035,109.11854761838595,107.01586938180616,109.56211954909121,107.62791283170313,108.02917744363893,106.28572082519531,107.70951843261719,109.16056156158447,108.32166004180908,108.00777869527069,108.50530796259832,106.28572082519531,110.47967529296875,108.12075
ID11,1998-02-01,116.89818,113.64249,116.7912,115.88635,114.39251,117.27191,117.09636,115.48773,119.66982,120.82013,111.59297,117.18780550223188,116.84583983019365,115.81054928603567,117.0166384423232,115.98273567833978,117.17254165381812,116.66109105261978,116.86036912156534,115.8863525390625,117.27191162109375,116.59989070892334,116.68675804138184,116.6957996570886,117.47398320883855,115.8863525390625,119.6698226928711,114.25737
ID11,1998-02-08,114.312515,119.00624,114.78671,112.37364,107.713036,106.870316,114.52264,113.78274,117.32159,122.9553,148.90874,116.13996870667106,112.99531176295496,122.35926588648701,117.31836896062408,121.22656828975047,117.84694859972657,111.71149035624154,112.17955702944796,112.37364196777344,106.87031555175781,114.06754970550537,112.71039772033691,112.9325479429065,113.90080987016465,112.37364196777344,117.32158660888672,94.827095
ID11,1998-02-15,128.80728,119.469025,107.75604,109.53567,109.33145,108.69511,123.59279,118.44704,112.46567,125.437805,145.81917,119.83355590965832,117.4350887424125,119.97781497993009,119.1666505502846,118.4766907877903,118.76153910141346,114.9422062488057,114.12819197525023,109.5356674194336,108.69510650634766,116.57814598083496,114.8288803100586,115.7922423081789,114.91735633360096,109.5356674194336,112.46566772460938,98.37018
ID11,1998-02-22,112.360115,105.351456,104.20085,106.6709,109.16762,107.16344,119.63487,116.13912,106.84861,123.205,97.61905,112.28820140613705,109.93137800879965,105.35114369250837,110.90402417003487,105.34973610316173,110.47257742009815,110.66788609295139,109.63532923955384,106.6708984375,107.16343688964844,110.96928119659424,110.27319049835205,110.98933765432395,110.07428536595407,106.6708984375,106.8486099243164,98.6678
ID11,1998-03-01,129.7316,120.79623,117.30984,119.14538,117.25358,120.36565,123.85166,120.96588,122.901405,117.8991,111.59297,121.74496196564778,123.38204916577024,118.72514510020733,120.90258495030369,118.6281508930126,121.04478354303488,120.97802940703305,121.50114586715972,119.14537811279297,120.36564636230469,120.79412841796875,121.44062328338623,121.1019145253912,121.54651294290969,119.14537811279297,122.90140533447266,97.945015
ID11,1998-03-08,125.42557,124.31581,116.87086,114.418335,119.43837,123.448784,122.54176,117.57002,123.78514,122.073395,148.90874,121.84753906925744,121.11113478786343,125.69065471636803,124.04816306879565,124.58442340735844,123.98999739837069,121.02271932586977,121.20099518886138,114.4183349609375,123.44878387451172,121.06661033630371,120.4373550415039,120.44510465615727,121.19474261584976,114.4183349609375,123.78514099121094,65.66043
ID11,1998-03-15,116.20151,121.03418,114.296936,113.53125,107.764244,109.70588,107.49715,104.667885,115.16364,120.50914,145.81917,116.30930567835149,113.13379660748996,121.82215322915417,114.54601760256814,120.732572668649,114.4523372801934,111.76927104240181,111.33847272404554,113.53125,109.70587921142578,113.81753540039062,111.10356140136719,112.48188393897392,112.99105806622114,113.53125,115.16364288330078,78.68481
ID11,1998-03-22,123.86923,117.268585,111.35534,115.05221,108.16027,106.84305,115.14624,113.05071,111.818275,121.06499,97.61905,117.72267393876301,116.10794544582632,111.63257584660121,112.21246816311249,111.59452454948986,111.91413205373368,113.19907508919991,112.47430381312883,115.05220794677734,106.84304809570312,114.84498882293701,113.16191577911377,114.3720876704563,113.69918011818321,115.05220794677734,111.81827545166016,88.732994
ID110,1998-01-04,118.2506,112.89478,114.54217,105.98835,113.83312,115.42072,115.44254,109.606125,111.394806,125.579346,108.53498,115.88853621571548,113.14609254662336,112.38309326550416,112.7597340645465,112.65613885177146,112.45465867416617,113.98405943066085,112.29867554333727,105.98834991455078,111.39480590820312,115.2439546585083,112.74406242370605,113.18574173576022,112.20579513746925,105.98834991455078,109.60612487792969,93.01683
ID110,1998-01-11,113.65274,114.280945,115.15713,109.01859,134.39569,124.2022,118.56916,118.172806,107.359856,127.470604,114.74224,119.45222843459604,117.2405527939382,113.50405794517602,115.11317420889777,113.81152639954848,115.0002218383425,117.58753027503712,115.17396859427085,109.01859283447266,107.35985565185547,119.59338283538818,116.32586479187012,118.09216972313351,116.0936515278815,109.01859283447266,118.17280578613281,95.04208
ID110,1998-01-18,101.751434,114.70378,113.853165,107.88565,99.48819,110.05767,113.66362,112.878914,104.95566,129.48482,151.19673,113.48587701559462,110.53870431316005,118.90537793005386,116.91928223792162,118.11899953009507,115.60856991871715,110.92593222692378,109.45704570728064,107.88565063476562,104.95565795898438,111.36104106903076,108.64755153656006,109.30403792141145,109.1645977070542,107.88565063476562,112.87891387939453,95.2788
ID110,1998-01-25,112.95531,120.073456,115.75167,109.060936,101.18724,110.15363,115.35367,114.38904,111.18528,128.7571,124.105736,115.49498408027726,113.2020660341384,117.08063314447708,117.19744840363825,116.71881745179934,117.55609923936358,113.96320617591113,113.12903065403103,109.0609359741211,111.1852798461914,114.16162586212158,112.49457454681396,112.3995124663998,112.67254634395582,109.0609359741211,114.3890380859375,102.77486
ID110,1998-02-01,103.15706,110.619644,107.77265,102.090294,96.84494,103.597855,109.5907,105.10686,104.90974,128.62677,108.53498,109.7502856073031,105.93270920409398,108.12355861956709,109.33837632681443,107.93705812187027,109.19253122835326,106.89924502309985,105.51793693736738,102.09029388427734,104.90973663330078,107.78748893737793,105.01148509979248,105.04164628861278,105.12295842413934,102.09029388427734,105.10685729980469,120.21304
ID110,1998-02-08,90.16905,111.65822,107.60181,100.58569,99.52175,107.47514,109.653885,106.06718,103.18357,128.71353,114.74224,109.11891641145208,104.95659101108676,108.24407724767183,109.82514132206352,107.95058296928285,109.79017056437361,106.02582967759568,104.45696745698547,100.585693359375,103.1835708618164,106.92238521575928,103.55514430999756,104.61476416081436,104.44803658603215,100.585693359375,106.06717681884766,104.16886
ID110,1998-02-15,107.06296,118.2553,110.746155,105.34972,107.623215,111.96847,113.72174,112.57923,104.82159,129.77817,151.19673,114.02922503293897,110.88951669843925,118.7827253528851,116.90020447231055,117.64761485114215,116.44448169444243,112.07577960036993,110.17526032166839,105.34971618652344,104.82158660888672,113.0632152557373,110.01998805999756,110.93304094556382,110.20277267046387,105.34971618652344,112.57923126220703,120.502365
ID110,1998-02-22,116.95334,129.92578,117.633125,110.86307,118.31971,123.359955,125.30562,126.19264,120.03624,133.44882,124.105736,122.49216206381801,120.7369309152889,121.43852244181842,123.69893518642675,120.7860333281333,125.16696948465551,121.04193623022567,120.95018930291765,110.86306762695312,120.03623962402344,121.97617721557617,120.65369033813477,120.25638839764989,120.96902020212683,110.86306762695312,126.19264221191406,99.487114
ID110,1998-03-01,108.97516,120.32543,110.35839,107.04698,104.797,105.98083,111.91439,110.67856,114.25094,128.05754,108.53498,112.93802516903256,110.26829357473684,112.91406772144438,114.49511443639724,112.35755321918863,115.57910478984083,111.78607874255582,111.62639612714347,107.04698181152344,114.25093841552734,112.18196487426758,111.04335594177246,110.58452357148474,111.4450796261838,107.04698181152344,110.67855834960938,126.82799
ID110,1998-03-08,91.54324,110.4776,106.37684,100.551094,102.572464,109.11358,110.67035,110.526405,112.26575,126.97424,114.74224,109.28553167610502,105.95173078596302,109.13861636976088,111.12720149177304,108.6208909837356,110.43886023608944,106.17212843623038,106.69991675726946,100.55109405517578,112.2657470703125,107.28492641448975,105.62296772003174,104.96216402741847,106.68992486830687,100.55109405517578,110.52640533447266,108.62704
ID110,1998-03-15,104.91894,116.19751,111.97641,106.60304,109.81826,114.460075,111.41361,116.638824,109.33866,127.12309,151.19673,113.45501101035201,111.07701215281176,119.31088856904428,117.60271011538053,118.29173767456273,116.57354542953455,111.88507285542099,111.33993702430784,106.60304260253906,109.33866119384766,112.81386756896973,110.86315727233887,111.15412869585587,111.5406366514267,106.60304260253906,116.63882446289062,98.84495
ID110,1998-03-22,98.91241,118.80724,114.04947,108.80009,110.59953,121.50719,115.99434,118.941414,119.27144,130.3501,124.105736,116.08864098259798,113.13699866338509,116.96960482178368,118.6045184396751,116.4788846615893,118.23829617496833,113.86274621078068,114.3060884935744,108.80008697509766,119.27143859863281,114.87754535675049,113.1719913482666,113.07930248403396,114.41646042780721,108.80008697509766,118.94141387939453,107.08837
ID12,1998-01-04,137.4884,138.83572,138.82341,122.621445,134.4148,129.5702,138.50786,138.6544,138.54083,153.77184,121.68696,134.6169101636013,135.34042297559256,134.37142016452265,134.20864569918928,134.6506914447304,134.73264629464012,136.14786025585676,134.92922615606457,122.62144470214844,138.8234100341797,136.75420951843262,134.8645305633545,135.32441544944757,134.85256127953738,122.62144470214844,138.65440368652344,123.17177
ID12,1998-01-11,125.37267,133.70782,140.12292,128.55074,137.07669,141.63966,135.25313,138.28482,133.98064,158.40468,163.73299,134.95541967772246,135.55204334497455,141.0515986990658,137.7107730523288,140.884174519645,137.4279669799825,136.6012207812606,134.90880351430667,128.5507354736328,140.1229248046875,137.51603984832764,135.0010576248169,136.34047188557525,136.2389124638922,128.5507354736328,138.28482055664062,123.58276
ID12,1998-01-18,127.09688,147.24237,142.58018,131.91553,147.0462,146.50798,142.59128,140.62645,139.50732,160.50443,192.47449,141.16375082454175,141.06746724451162,150.93166286368165,144.6176874653893,149.6851170696798,144.17608460091,142.3333355979083,140.51740527158384,131.91552734375,142.58018493652344,143.18560600280762,140.70085906982422,142.23059747169256,142.2670714474093,131.91552734375,140.62644958496094,127.18254
ID12,1998-01-25,129.94093,143.95508,140.69661,133.04507,143.48148,139.31215,143.68874,148.19424,142.27339,157.0199,142.78629,139.79765394397447,141.30231041623034,141.2540962203764,141.24165585572757,140.98261701742524,141.3451685721342,140.73909983655562,140.28341468924066,133.04507446289062,140.6966094970703,141.39249420166016,140.28928756713867,140.38577416409714,141.84586395076224,133.04507446289062,148.19424438476562,136.63548
ID12,1998-02-01,122.343376,140.0874,145.44354,137.93773,139.01254,143.53252,148.02562,149.23259,143.03719,157.24686,121.68696,140.2221298964136,141.83679084596093,138.1145845186955,141.50229740788976,138.87155886569602,142.0401083727087,141.17326059663264,140.81451446004434,137.93772888183594,145.44354248046875,141.70369815826416,140.70191478729248,140.8924200837415,143.34771599084078,137.93772888183594,149.2325897216797,114.512474
ID12,1998-02-08,133.0065,140.67023,140.88826,131.66277,133.99467,143.06998,144.31798,146.25005,140.63873,158.3941,163.73299,137.92509307900102,139.41691217457853,144.3737892572687,142.5109651640687,143.85295741573134,142.46168586402683,140.09180732052621,139.28977727777666,131.6627655029297,140.8882598876953,140.75056076049805,139.23255348205566,139.54838126490571,140.21292640112793,131.6627655029297,146.2500457763672,95.97506
ID12,1998-02-15,136.57233,145.75922,142.1307,134.14302,143.02011,144.22704,148.85257,146.14558,144.169,162.28552,192.47449,142.3192033324522,143.00488505499214,152.17052682409175,147.05778566298306,150.80030903178726,146.8515087000402,143.89622747752637,142.5769531492517,134.1430206298828,142.13070678710938,144.6238136291504,142.60632133483887,143.40654204033677,143.51546574372531,134.1430206298828,146.1455841064453,132.92233
ID12,1998-02-22,132.205,139.77834,141.03616,134.07912,138.6857,135.16704,146.73802,153.3684,141.8184,162.06322,142.78629,138.99554750727742,141.5711399532948,141.0059963374496,142.29349417829815,140.85836379711947,142.52872040411904,140.51147469555048,140.29783724306466,134.07911682128906,141.03616333007812,141.21907424926758,140.13222122192383,139.728543276029,141.37070697708947,134.07911682128906,153.36839294433594,133.1916
ID12,1998-03-01,133.21103,143.34998,144.82104,140.66812,142.09302,139.12872,150.6608,141.31454,154.58247,155.26445,121.68696,142.77898076161068,142.5165560015432,141.21534172179184,141.50937842829316,141.4807696378917,142.31562994809008,143.32208508490183,142.01314539006924,140.66812133789062,144.821044921875,143.64964485168457,141.9059066772461,142.85828471892242,144.32800956495572,140.66812133789062,141.31454467773438,133.47505
ID12,1998-03-08,140.69977,135.14174,139.08675,133.15683,134.20795,139.9317,146.19038,149.18253,153.18433,158.15584,163.73299,138.37453378885232,140.31130979307883,145.48366090097198,142.79027821380419,144.71504795570445,142.823071493942,140.20677683809703,139.80305086844965,133.15682983398438,139.0867462158203,140.82136917114258,139.69970512390137,139.5330122653282,141.24266788525355,133.15682983398438,149.18252563476562,132.82314
ID12,1998-03-15,136.90154,135.06206,141.28406,135.69295,133.22466,131.58636,132.4328,135.49126,140.88403,156.2594,192.47449,135.235048462211,135.28096059843085,149.36371535133492,140.6795605680694,148.27684246034852,139.94157534866372,137.22136900968565,135.32638975592374,135.6929473876953,141.2840576171875,137.80547714233398,135.20945930480957,136.43519649381105,135.61967817360264,135.6929473876953,135.4912567138672,141.43991
ID12,1998-03-22,129.84824,138.47008,138.58636,136.55098,136.38239,133.84633,141.82031,138.38707,143.51234,159.24811,142.78629,136.98640022916544,137.23739810775393,140.4495913344894,138.38287746497463,140.10522274311356,138.60452345693668,138.682845121665,136.84094487012825,136.5509796142578,138.58636474609375,139.3440990447998,136.73646926879883,137.95423166249995,138.29853155613839,136.5509796142578,138.38706970214844,143.57993
ID13,1998-01-04,113.191696,114.43945,113.517555,104.12023,104.566315,113.818504,117.4486,119.38581,127.23077,132.75209,129.69104,110.99910125694332,111.9705921730919,118.67402539154747,111.59583271792499,117.92134019275903,111.89375484816487,112.76027196368081,113.41842133503731,104.12023162841797,113.8185043334961,114.2318058013916,115.00607013702393,113.4755598534127,114.57832607275998,104.12023162841797,117.44860076904297,99.985825
ID13,1998-01-11,110.60635,107.08903,116.811554,108.05561,107.52526,119.20458,119.88926,120.36273,122.458755,136.61127,149.12132,111.7942354439905,113.14261224844581,121.48454284544283,115.04345248412318,120.98215660430891,116.10303063463549,115.36990962946196,116.07227420814621,108.05561065673828,119.20458221435547,115.72411441802979,116.9436616897583,117.03712239515704,117.68448477401262,108.05561065673828,119.8892593383789,105.54138
ID13,1998-01-18,108.40103,114.77221,118.32992,110.75702,115.83616,125.812325,129.29855,127.31486,122.675896,138.20631,163.80385,116.56216629257344,118.9466535659548,126.30071785297326,120.99054949862287,125.34210592444092,122.36404305442902,120.61585792733798,121.7944434259683,110.75701904296875,125.81232452392578,120.17669105529785,122.54091930389404,122.76665094755103,123.45424541532229,110.75701904296875,129.29855346679688,110.530045
ID13,1998-01-25,112.74747,123.249115,122.64524,115.34762,118.93245,123.19588,127.2976,125.022545,132.34126,134.84785,118.72166,120.25923978047568,121.71999514140785,122.76117957925024,121.64433677285611,122.59239208309438,121.80642475748047,122.22945739928706,122.89888554696168,115.34761810302734,123.19587707519531,122.28290271759033,123.81728744506836,123.2893990150476,123.7203363858644,115.34761810302734,127.29759979248047,115.39116
ID13,1998-02-01,128.46713,122.00994,127.75098,119.80801,120.191246,129.20354,127.63699,129.08334,129.4149,137.28058,129.69104,124.48275417121883,124.72693952123473,126.88759985642461,125.3382305324776,127.04299850464506,126.20885402681944,125.87893695468553,126.10073082568742,119.8080062866211,129.2035369873047,126.54355144500732,126.62057781219482,126.43612139795647,126.89826844477824,119.8080062866211,127.63699340820312,122.73243
ID13,1998-02-08,118.7835,113.0356,121.88886,112.49169,118.842865,123.15761,124.31149,125.093056,125.42664,136.49591,149.12132,118.13718944347549,119.06461161598394,125.28189507239364,120.62418638065392,124.91933522468736,121.47180915856778,120.85776018927677,121.37379432713144,112.49169158935547,123.15760803222656,121.1259412765503,121.91463565826416,122.14871965969704,122.6921417272928,112.49169158935547,124.31149291992188,116.893425
ID13,1998-02-15,122.45735,117.29424,119.49826,112.79509,121.51414,133.22656,132.93031,128.54073,132.59734,139.81102,163.80385,121.40319696479986,122.31425784186621,129.72905966822344,125.09936793064124,128.62878813681735,127.5079257830907,124.95893174101343,125.42565672229888,112.79508972167969,133.2265625,124.94087219238281,125.7012939453125,126.7546877990436,127.19344282178525,112.79508972167969,132.93031311035156,123.31349
ID13,1998-02-22,125.3491,120.901566,123.49092,117.258545,121.157135,133.7751,131.19565,131.96872,139.52365,141.76761,118.72166,123.8105629071132,124.81726832570331,124.95772019458958,125.81390833057692,124.89373282120015,127.77992885951073,126.5930556157919,127.19170246825243,117.258544921875,133.7751007080078,126.86195278167725,127.68940544128418,127.87822413291374,128.7410095513596,117.258544921875,131.19564819335938,114.28571
ID13,1998-03-01,137.09111,127.73679,130.23422,123.582756,130.33563,134.90439,136.10431,134.18805,139.16307,134.55275,129.69104,130.46587607367027,130.31034850482462,130.88545796318408,131.15543976699536,130.86828153658047,132.11943892591273,131.38860814052723,131.4427856545487,123.58275604248047,134.90438842773438,131.81774520874023,131.4548625946045,131.89303358348977,132.39428817921427,123.58275604248047,136.10430908203125,114.980156
ID13,1998-03-08,122.05477,123.99843,125.242546,116.091064,126.87471,136.60818,132.75154,131.02527,130.53574,135.15596,149.12132,125.73076271786127,126.86931019016683,129.48127510002365,128.5774238638653,129.005748494397,130.94740461513706,127.94680831117938,128.49972554930233,116.091064453125,136.60818481445312,127.3471508026123,128.46846294403076,129.13653315213702,129.46528315726982,116.091064453125,132.7515411376953,123.228455
ID13,1998-03-15,119.46678,120.01064,120.56888,114.827255,124.936485,131.56137,125.27593,125.29511,127.80594,135.19908,163.80385,122.23330434765474,122.9582303568451,129.57817008096094,124.80046249645437,128.55133274272035,127.11869552870348,124.34534770253497,124.64008091240477,114.82725524902344,131.56137084960938,123.98080348968506,124.7093448638916,125.29722591154874,125.38757177675632,114.82725524902344,125.27593231201172,125.58106
ID13,1998-03-22,129.86824,132.53125,125.51513,120.28055,125.94943,131.67041,142.2357,128.29419,136.26001,139.66641,118.72166,128.24232006454483,128.08096476493532,127.59518773837874,128.96391263389455,127.27714652304931,129.23139439695333,130.13232364934518,129.95558889251976,120.28054809570312,131.67041015625,130.9646406173706,130.76788425445557,131.28745528509626,130.9668609748283,120.28054809570312,142.23570251464844,132.78061
ID14,1998-01-04,121.735825,128.65187,133.3407,122.35185,123.48006,119.897415,117.245804,118.9694,113.27563,143.02489,148.49773,125.88806636930585,126.97165382035935,130.63825964801973,132.1626168221508,130.7477163972385,131.93765040037317,128.84188905576548,128.18804694970757,122.35185241699219,121.73582458496094,126.21605110168457,128.84698772430417,128.73797471814007,129.82893616345697,122.35185241699219,121.73582458496094,109.8356
ID14,1998-01-11,122.02014,125.15951,132.41315,124.121506,116.676,120.806885,117.62028,122.821465,111.02913,146.53738,140.78798,124.94599848752519,126.1197540864618,128.4007236053153,131.16735970419896,128.79139523948731,131.10356147618063,129.0270093317755,127.72767772232619,124.12150573730469,122.0201416015625,125.66935634613037,127.85945987701415,128.90125177925088,129.1385046844949,124.12150573730469,122.0201416015625,117.4178
ID14,1998-01-18,118.33574,128.98119,136.11331,127.04997,121.592354,123.73978,120.73127,125.54867,115.54998,147.16327,178.25964,126.3455688635291,130.7675215817465,137.81342022531692,137.48044104325336,137.41023085119153,136.62957414190097,130.36670027915994,131.1871837054239,127.04997253417969,118.33573913574219,127.96335983276367,134.39910984039304,130.45963703113821,134.12568049673058,127.04997253417969,118.33573913574219,128.00453
ID14,1998-01-25,127.32574,133.60973,134.49763,127.984215,125.6412,124.99928,122.657104,124.18081,126.572556,142.57916,128.04706,129.75107351376386,129.9889581214738,131.12988441104605,132.73907848007406,131.35569003165995,133.0799088422367,132.4664100636881,131.6347523141964,127.98421478271484,127.32573699951172,129.91175746917725,130.70192146301267,132.33494450119082,131.81441861110955,127.98421478271484,127.32573699951172,133.00737
ID14,1998-02-01,145.9048,140.92198,144.2695,137.83733,119.63869,127.149826,129.91292,132.01137,126.18949,145.91304,148.49773,136.02602485647816,138.681888594812,140.98486114924037,143.11690265272827,141.2202173300146,142.79637984590224,142.11525449968116,140.76747495966535,137.8373260498047,145.90480041503906,136.443510055542,139.58546161651608,141.76447926226098,141.72824302450212,137.8373260498047,145.90480041503906,143.65079
ID14,1998-02-08,125.74203,128.31793,138.39932,129.35532,113.361534,123.226524,121.92397,121.10879,117.74292,149.30197,140.78798,127.01455341702109,129.4087523910904,132.49296350653879,134.75503060491047,133.08556882244042,134.77569203491598,133.01374167861977,131.80291786620856,129.35531616210938,125.74202728271484,128.70357513427734,131.6092491149902,132.94997732866574,133.01036502482128,129.35531616210938,125.74202728271484,102.06916
ID14,1998-02-15,133.96161,132.26347,131.6122,126.4781,122.858475,129.64944,127.84454,123.76062,121.73095,150.78856,178.25964,133.07466135306308,137.64690815736847,139.27723719696243,141.090589213797,138.3180887978822,139.75439727873797,134.71122537987756,135.5079742196671,126.47810363769531,133.96160888671875,131.93205070495605,138.09299755096433,134.34824353525886,137.7435403427521,126.47810363769531,133.96160888671875,131.80272
ID14,1998-02-22,127.12749,136.71182,134.17079,126.27001,122.18742,125.504486,119.457756,123.91102,124.99593,150.88884,128.04706,130.86530208903406,131.4714804790358,131.5856904430724,134.63564073979379,131.67678675208106,135.11874528806197,134.216401403368,132.9518741173982,126.27001190185547,127.12748718261719,130.28982734680176,131.71455383300778,133.8867076843485,133.14850173274834,126.27001190185547,127.12748718261719,131.10828
ID14,1998-03-01,150.0934,141.44124,139.81339,134.8496,124.567215,128.44475,127.94042,125.65472,117.36218,143.39494,148.49773,137.82837630703327,138.50591689191293,138.33901545886695,141.95667990160453,138.43713044989562,141.53564406750962,141.55116259757023,139.3657903058683,134.84959411621094,150.09339904785156,136.31811809539795,137.98715209960935,140.94717255308967,140.47465735389625,134.84959411621094,150.09339904785156,146.93878
ID14,1998-03-08,140.45723,135.57729,138.54762,132.22083,123.163536,118.396286,123.273,122.753365,115.38606,148.11134,140.78798,132.4072644647504,132.6592699500014,134.60262359057032,138.5690622825909,134.90929732968365,138.37917828182512,137.77187701365125,135.58153417780824,132.2208251953125,140.4572296142578,132.46839141845703,133.68557929992673,137.42413902961314,136.68573708800835,132.2208251953125,140.4572296142578,127.59354
ID14,1998-03-15,133.69405,130.22078,133.81216,128.60873,118.016045,119.15693,116.23268,121.28849,112.423775,146.63486,178.25964,128.63888445192296,133.2231384690834,138.00141427217943,139.86615346443628,137.37812184571013,138.53260862448187,133.5636867776861,133.56694650489703,128.60873413085938,133.6940460205078,128.29702949523926,135.3513660430908,133.138656155832,136.3708648142993,128.60873413085938,133.6940460205078,128.72733
ID14,1998-03-22,126.58795,133.57663,135.0408,128.9604,122.823586,116.450714,122.221146,124.819046,108.806015,147.03903,128.04706,127.78228015103913,126.23913804959165,128.76475099526965,132.70818046376198,129.2977518992554,133.264317935887,132.8114100007978,130.0645557675715,128.9604034423828,126.58795166015625,129.08753299713135,128.06357574462888,132.79110928397222,131.08907935903892,128.9604034423828,126.58795166015625,131.30669
ID15,1998-01-04,136.43672,136.79428,150.38109,139.90045,132.61865,133.75427,139.92941,137.1643,142.33636,164.33487,165.94388,141.20566217853425,140.9105057947175,148.1556515415157,146.18257685192026,148.2768623003858,146.7218505029739,138.53366561734308,137.88336799992993,139.90045166015625,137.164306640625,141.76871871948242,139.06515884399414,139.482199511832,138.3641433898219,139.90045166015625,137.164306640625,130.82483
ID15,1998-01-11,131.28447,139.39766,152.75351,144.69327,137.70578,139.9125,143.96518,139.69809,144.85786,170.15552,179.64853,143.26470983758833,143.1056217467177,152.73211105269988,151.13001877767982,152.60373178035067,151.98995997720198,141.47721867304637,140.65413440381698,144.69326782226562,139.69808959960938,144.9834861755371,141.85883331298828,142.39737202201633,141.13080201236883,144.69326782226562,139.69808959960938,143.28232
ID15,1998-01-18,135.83846,147.83292,157.1223,149.32266,146.27353,148.9368,147.21342,144.20229,148.9876,173.64764,209.96315,148.67026503251734,147.97170702882542,162.59247430878742,161.47972829796487,161.7773115052413,163.4760112797233,147.39606661639297,146.14584818504275,149.32266235351562,144.20228576660156,150.7734661102295,147.2371311187744,148.25325848019787,146.83950931258732,149.32266235351562,144.20228576660156,152.52267
ID15,1998-01-25,136.80663,144.36702,155.64842,148.89732,148.37367,147.07123,148.11714,143.16623,148.31966,166.36473,144.79875,148.61704356361264,147.81484111725817,149.10130762054237,147.23041569791394,149.82262229083767,146.46639793208615,147.30827963864058,146.15998802980397,148.89732360839844,143.16622924804688,149.4557704925537,147.0500373840332,147.73071897403415,146.43661997385496,148.89732360839844,143.16622924804688,143.4949
ID15,1998-02-01,160.42654,149.17168,161.91624,156.27502,151.58151,156.55338,159.03363,161.25131,155.10919,168.34824,165.94388,157.85734732860251,158.42072107229467,158.80393133985703,160.72277548225338,159.2915415883656,160.92433643046496,157.1881598610425,157.85877828412288,156.2750244140625,161.25131225585938,157.91328048706055,157.76835441589355,157.162514674063,157.48687148602852,156.2750244140625,161.25131225585938,174.57483
ID15,1998-02-08,150.25317,150.47386,158.51437,150.23976,142.90947,148.22316,153.49799,154.34477,152.46028,172.2972,179.64853,152.1071916178438,152.6438186879074,159.22698314356094,158.90069860875838,159.03342320154505,159.72914192919043,150.60675798653676,150.8799575025427,150.23976135253906,154.3447723388672,153.30112266540527,151.30537223815918,151.37017615239407,151.22313113399366,150.23976135253906,154.3447723388672,148.28514
ID15,1998-02-15,154.36357,156.9484,158.84917,152.45056,147.7517,149.39264,155.67986,152.22195,152.62074,176.8294,209.96315,154.84708903833553,153.87693227324584,166.84650354510467,167.01158486456293,165.71459057947726,169.04077984644334,153.6299767907295,152.53031500358463,152.4505615234375,152.22195434570312,156.53316116333008,152.91627311706543,154.35310728569254,153.33633108064365,152.4505615234375,152.22195434570312,131.20749
ID15,1998-02-22,147.70964,151.56763,159.18082,152.38753,149.14453,149.47276,146.4987,153.13254,150.22742,176.31763,144.79875,152.30837585384333,152.1202450310525,153.14168430921808,151.32971026236225,153.79669136691416,150.38604278459997,150.67384418576657,150.39813708558722,152.3875274658203,153.13253784179688,154.03490447998047,150.96924209594727,151.53937412945427,151.05422877706556,152.3875274658203,153.13253784179688,168.15475
ID15,1998-03-01,162.78137,157.15355,162.4587,157.50122,157.2914,158.05658,162.55273,162.18172,153.80835,165.12827,165.94388,160.8117056351269,160.01171727699418,160.31844440267741,162.34314130790412,160.5921664884804,162.5529575714289,160.15083595270363,160.11519863503474,157.501220703125,162.1817169189453,160.36547660827637,159.579008102417,160.05554714286424,160.24648872356684,157.501220703125,162.1817169189453,174.61734
ID15,1998-03-08,156.18091,157.13704,160.39752,152.9139,152.08862,154.76364,160.81364,158.40952,154.23357,169.5623,179.64853,157.40489140460738,157.0360705462283,161.71053682812217,162.72861734817988,161.4519626414298,163.52393515967373,156.62979091495816,156.45209642435233,152.9138946533203,158.40951538085938,157.98219680786133,156.22516441345215,156.84938586330262,156.7202432237677,152.9138946533203,158.40951538085938,154.90363
ID15,1998-03-15,159.88866,156.87335,157.41475,153.41515,149.97644,152.4625,151.66977,151.61237,152.09897,170.85979,209.96315,155.17348254574566,153.91122758755637,166.5139450959013,166.84448155250294,165.34550843003365,169.02774675284223,154.41068993476432,153.16872633207646,153.41514587402344,151.61236572265625,156.57004928588867,153.56732368469238,154.9566919011366,153.9411366547008,153.41514587402344,151.61236572265625,159.04195
ID15,1998-03-22,158.11232,162.76245,160.80904,157.05704,152.74898,155.94397,153.61688,153.71895,149.14514,173.4302,144.79875,157.53866944173996,155.114415803239,156.4311172596859,154.4073041049637,156.87918669984214,153.49376816152517,156.6438583650858,154.88559099977982,157.05703735351562,153.7189483642578,159.3101100921631,155.14403915405273,157.5366890693027,156.4450796276409,157.05703735351562,153.7189483642578,175.70862
ID16,1998-01-04,179.98538,185.66537,201.07007,173.47244,193.01022,207.43509,178.56227,177.3948,184.98994,219.21492,260.8135,193.3536273889069,189.59954095518657,203.14526263460354,183.42319011302806,202.8501117340578,184.49680150683753,189.06715423733215,187.43575921846053,173.47244262695312,184.9899444580078,192.30197143554688,188.0238494873047,190.15264429417888,187.3129332942197,173.47244262695312,184.9899444580078,142.23357
ID16,1998-01-11,178.95732,222.86081,203.92036,176.75623,187.20505,194.43217,185.46628,176.20741,171.86497,226.94955,270.62076,197.62499626761132,192.08982789835903,211.18916882448298,183.20228936773145,209.50658804243034,179.02149736800288,194.2666399735878,189.78795368722336,176.7562255859375,171.86497497558594,197.06847190856934,190.18289947509766,195.6133565283686,189.6711317787062,176.7562255859375,171.86497497558594,142.06349
ID16,1998-01-18,161.30241,202.0362,185.78398,171.39687,172.31232,181.15768,177.14278,179.16539,172.33315,224.35837,254.73357,184.12312331525513,178.37848136708084,198.2686186946578,175.9892859798528,196.17374033021753,174.90461471723398,180.39541935095497,177.6974216342048,171.39686584472656,172.33314514160156,184.4363250732422,177.93317222595215,182.23875156169413,177.73928527496142,171.39686584472656,172.33314514160156,114.86678
ID16,1998-01-25,147.52673,192.83214,189.76683,176.82765,181.33444,191.37906,181.60039,197.30081,179.32942,212.80199,181.77438,183.44230273169782,179.60310144376632,184.4911022041179,177.7895583664371,184.74705718897286,179.83546411275955,180.545966905732,179.27460620909324,176.82765197753906,179.3294219970703,184.25865364074707,180.07458305358887,181.86958867975363,179.3152326718102,176.82765197753906,179.3294219970703,159.15533
ID16,1998-02-01,149.28883,201.60233,198.79128,181.63705,167.34686,189.8781,188.90082,179.19962,183.35115,223.26462,260.8135,186.27272691333397,181.61304275746147,204.74699730744413,182.0785811608357,203.39117425824168,183.48963872062797,183.39867606142204,182.04681898980908,181.63705444335938,183.3511505126953,187.58873558044434,182.59955215454102,185.2611397014438,182.3146852365948,181.63705444335938,183.3511505126953,161.08276
ID16,1998-02-08,152.62346,210.36491,199.30853,178.1626,170.12018,178.63597,172.27136,176.13263,178.75049,231.64137,270.62076,187.0935987920599,181.10319791109913,207.77532284519998,177.96344499617734,205.8266370729961,178.36534235235138,181.8086601471057,179.6668687899386,178.16259765625,178.75048828125,186.64104843139648,180.02968788146973,184.26854965477548,180.0986902321273,178.16259765625,178.75048828125,120.37982
ID16,1998-02-15,158.94592,196.98811,179.21579,165.47687,167.31927,179.20068,177.335,169.96678,170.8411,226.93875,254.73357,180.53613087511368,174.2174092056697,194.77683778175165,174.1244227915916,192.37869923315412,173.0564889985782,176.91528785038295,174.31250123392488,165.47686767578125,170.84109497070312,181.42755126953125,174.41534423828125,178.87659686744598,174.25997160993413,165.47686767578125,170.84109497070312,151.20465
ID16,1998-02-22,131.58609,201.9432,181.14018,169.18376,160.45741,167.022,164.57353,166.08661,182.03688,224.72284,181.77438,174.72597870146302,169.31245581074293,183.28571586558547,173.71668229607303,182.09495147443624,176.6728101355003,169.60755843406216,169.62178952846034,169.1837615966797,182.03688049316406,175.07862854003906,169.74288368225098,172.21834060966822,170.1210775216392,169.1837615966797,182.03688049316406,134.94897
ID16,1998-03-01,179.73595,231.02536,196.43495,183.30084,167.71417,176.76497,176.34306,173.40456,183.10889,220.43129,260.8135,192.8962425871416,188.82988823009615,211.31430479188342,186.95221794384764,208.46133116950216,184.1271003789716,189.23205882430372,187.25683920381206,183.30084228515625,183.10888671875,191.46882438659668,186.80352401733398,191.0224871560143,187.7228745761263,183.30084228515625,183.10888671875,168.46655
ID16,1998-03-08,181.61308,220.07205,195.54831,178.12363,180.10368,178.37418,167.5807,168.1873,174.00046,227.65645,270.62076,193.26643165182048,187.63465858077836,209.30207034962112,179.98540641145655,206.80087491008308,176.6098471535292,187.92969527346617,184.49034374331455,178.12362670898438,174.00045776367188,191.1340103149414,184.42701148986816,189.90419570221317,184.7583481224613,178.12362670898438,174.00045776367188,147.19388
ID16,1998-03-15,160.30032,208.98795,192.95197,173.57928,165.9469,168.10023,161.89232,154.88054,165.36351,224.59654,254.73357,183.46039272361094,177.11251016674342,200.43470548436272,169.8493999111351,198.6113729073559,167.50042402196667,177.87710764490163,174.41524906402677,173.57928466796875,165.36351013183594,182.0444393157959,174.6403102874756,180.28655614825047,174.83985131576156,173.57928466796875,165.36351013183594,143.72165
ID16,1998-03-22,178.71152,203.43619,188.57146,178.38087,168.08145,165.02844,160.92102,157.83197,163.51474,223.59283,181.77438,185.3164857919063,179.02011747108716,186.14771360979745,170.37588958878086,185.86083550205024,166.70128328501727,179.78855377521245,175.85830158271668,178.38087463378906,163.51473999023438,183.34047317504883,175.8307113647461,182.0975562610033,176.26689293876237,178.38087463378906,163.51473999023438,133.80103
ID17,1998-01-04,148.81659,148.60303,150.27406,146.2795,146.06355,149.22926,149.72946,144.94608,151.61365,180.96806,174.12132,149.18450921822327,148.42354457829526,155.59524314682878,155.36487164577508,154.95809017436383,155.74094503679487,152.53052415897056,151.77890205558822,146.2794952392578,150.27406311035156,152.49543952941895,152.03832054138184,152.2962907413348,151.20053139388355,146.2794952392578,144.94607543945312,123.55442
ID17,1998-01-11,148.8185,145.63367,153.94453,151.41821,148.16135,149.53629,149.0971,145.30664,154.30136,187.50516,201.30385,150.93715768280566,150.37115159449883,162.33858596117193,162.75958922745733,161.38378511501838,163.75012270760035,155.06980124173225,154.30330947741498,151.418212890625,153.9445343017578,154.26435089111328,154.22347259521484,154.36468072293846,153.15047962023618,151.418212890625,145.306640625,144.01927
ID17,1998-01-18,159.3525,159.34491,162.82649,159.1763,162.15393,162.26122,160.84308,153.39357,161.61877,194.24033,251.98413,162.23551219213715,160.81275318921584,179.41567001107492,180.98232804471118,177.41087731728126,182.29084611655003,165.14087777203872,163.96353314660527,159.17630004882812,162.8264923095703,165.02484321594238,164.28092575073242,164.67634077812954,162.46461925125178,159.17630004882812,153.39356994628906,139.31406
ID17,1998-01-25,156.09738,159.39383,166.88516,166.57343,167.60847,164.61987,165.26477,160.76834,163.8706,184.64479,153.44388,166.0173852301964,165.65462159438468,162.8274642562597,163.90919293125495,163.39236902388868,163.94510473062897,167.21639590748998,166.78316490392157,166.57342529296875,166.88516235351562,166.3859634399414,166.55777740478516,166.3013178699419,164.9610587299346,166.57342529296875,160.76834106445312,148.69615
ID17,1998-02-01,181.87909,169.75427,176.4996,176.56934,170.4448,179.14609,177.99321,175.34624,173.64929,187.15416,174.12132,175.4845132111239,176.02046501123192,175.22578936821736,176.78984455663436,175.6014685424907,176.6986284431842,177.87373097455355,177.9358325065054,176.5693359375,176.49960327148438,177.43006896972656,178.12906455993652,177.34980605832476,176.78369524216257,176.5693359375,175.3462371826172,132.68951
ID17,1998-02-08,167.87817,161.70908,167.20477,164.1166,162.96796,167.30495,167.11311,163.96841,163.77971,191.18677,201.30385,165.91838967764147,165.95532914139403,172.84009682819266,174.40796788323303,172.26521354518042,174.89315862239133,168.98137680449392,168.6992162047381,164.11659240722656,167.20477294921875,168.6851749420166,168.96759223937988,168.4081950127773,167.30635636177797,164.11659240722656,163.96841430664062,141.21315
ID17,1998-02-15,173.73624,169.12485,167.98697,163.73041,164.74896,166.69125,171.37372,165.48189,166.87534,198.33713,251.98413,167.81667316231957,167.23758986624517,184.8798014474421,186.26336055560546,182.80940376395242,187.18874749367603,171.62731109313606,170.98709476891446,163.73040771484375,167.98696899414062,171.96619033813477,171.51082038879395,171.32176033581518,169.95395114322827,163.73040771484375,165.4818878173828,155.85318
ID17,1998-02-22,166.699,162.92181,169.98463,166.2836,164.35733,167.33691,163.23325,169.89072,167.97476,199.15283,153.44388,166.93176797886713,167.89660301472696,166.1932364780503,165.7063221860206,166.7531472103957,165.78762882798583,170.5163214749554,170.78800900520054,166.28359985351562,169.98463439941406,169.99617195129395,170.86728477478027,170.1793152290159,170.45021484564563,166.28359985351562,169.89071655273438,151.0204
ID17,1998-03-01,182.66576,173.67548,179.69608,178.60681,182.2824,182.7415,186.341,189.61722,181.70163,182.75069,174.12132,180.90216052798849,183.29382490532512,178.0655777839156,180.28777845888726,178.4182406513405,179.8318785276619,181.32105207860116,182.69127228092907,178.6068115234375,179.69607543945312,181.09496307373047,183.0876808166504,180.16965944894193,181.7527773829223,178.6068115234375,189.61721801757812,168.0839
ID17,1998-03-08,172.87817,170.37807,172.11578,168.59508,175.36937,174.71466,178.81795,172.99184,178.29764,188.28401,201.30385,173.83568200669123,174.01230761402223,178.60267937809155,179.8231903368597,177.84455074807465,179.83766304842146,174.94979095021486,174.91904494749514,168.59507751464844,172.11578369140625,175.144136428833,175.47085762023926,174.09455724038176,174.09085877828753,168.59507751464844,172.99183654785156,137.15381
ID17,1998-03-15,171.93732,169.13127,171.10963,167.57127,172.35394,171.72136,170.55681,173.9273,172.60365,188.11246,251.98413,171.11459669511584,171.85221588454746,186.38460824834897,187.71756712775428,184.5265993380492,188.756216878621,172.66231198038423,172.97979660720577,167.57127380371094,171.10963439941406,172.81175804138184,173.41126251220703,172.31296865291256,172.7403592216966,167.57127380371094,173.92730712890625,157.34126
ID17,1998-03-22,175.92978,176.5539,175.62955,172.18321,174.84584,178.47296,177.9185,178.3561,175.62105,194.14392,153.44388,176.3566189115213,176.7231671765108,172.26809575892605,172.16277006655048,172.71354075422448,171.68499028074345,177.8678527498089,177.98814616759603,172.18321228027344,175.62954711914062,178.20970726013184,178.4349822998047,177.804860923865,177.76830265655323,172.18321228027344,178.35609436035156,163.84637
ID18,1998-01-04,191.05461,178.8742,189.93747,175.06961,173.53452,178.86667,183.89244,180.63802,177.65172,206.4665,198.04422,184.3841480246993,182.0757981071932,186.58135547757013,185.62915717293438,186.95221901909298,184.67998877969254,183.78266413603578,182.5411897967727,175.06961059570312,180.6380157470703,184.71200370788574,183.25711822509766,183.68160293744256,182.06680527208448,175.06961059570312,180.6380157470703,145.22392
ID18,1998-01-11,188.1949,175.04346,185.66986,176.32162,169.81444,173.90208,176.69928,183.49304,176.19972,210.44846,200.5669,182.33649710323206,180.78701708572567,185.25799506690015,184.51944791827523,185.32850581875763,183.85264271332727,180.81497861126212,180.78972813498217,176.32162475585938,183.4930419921875,182.01176261901855,181.5685634613037,180.6675383286011,180.333009926401,176.32162475585938,183.4930419921875,156.06577
ID18,1998-01-18,181.20879,180.96146,192.78987,180.65579,175.48651,177.79071,188.56714,186.45929,182.48444,214.79465,269.11847,185.48971074523774,186.14736842977493,202.08153751291493,198.87220683175943,200.78568184136873,195.5942758391315,186.66633774252662,186.63938069617535,180.65579223632812,186.45928955078125,186.53186416625977,187.37854957580566,185.95776891080362,186.12994329082858,180.65579223632812,186.45928955078125,149.31973
ID18,1998-01-25,183.0287,185.4488,192.50928,184.9982,185.14168,184.10393,192.43892,190.19356,191.15912,207.91777,186.46542,188.45388388498492,190.29292192626403,189.24239954471528,191.32101612222868,189.54247938334476,191.5276527186323,189.99807049713397,190.71590278720515,184.99819946289062,190.1935577392578,189.4484100341797,191.05780601501465,189.34895815448758,190.36938697414124,184.99819946289062,190.1935577392578,179.73357
ID18,1998-02-01,212.44746,195.25504,205.50029,198.75296,185.03229,189.43253,198.2818,194.17644,194.84377,211.25818,198.04422,200.41245464475776,197.11288167893565,200.42929885004241,196.57250370650533,201.03860876807525,196.73394817429076,197.67398488887315,196.39749991823115,198.75296020507812,194.1764373779297,199.49506759643555,197.15978050231934,198.22088118666798,196.25684782376666,198.75296020507812,194.1764373779297,203.88322
ID18,1998-02-08,196.9925,190.95819,196.77762,184.88213,178.54793,189.10655,187.7323,191.2578,186.86398,216.65,200.5669,192.22983178203904,190.41106677168207,194.44731317972673,193.0948405754342,194.67547158624203,192.5576293977364,191.59374737369248,190.7784439019566,184.8821258544922,191.25779724121094,192.70590019226074,191.47728729248047,191.400944325968,190.394291867401,184.8821258544922,191.25779724121094,114.37404
ID18,1998-02-15,198.22986,197.19255,193.75221,182.02342,180.13646,192.11774,196.18044,197.82693,181.5164,220.64682,269.11847,192.6865134159688,189.71085236802747,206.57855945217915,204.67411816697685,204.90220005831054,201.93066593107733,194.32799314518005,192.89533392303562,182.02342224121094,197.82693481445312,195.03493690490723,193.025053024292,193.8588323443878,192.3607104373586,182.02342224121094,197.82693481445312,190.27777
ID18,1998-02-22,191.87585,196.85756,196.0922,183.96674,180.67267,190.83897,189.84087,199.68404,188.91287,221.33101,186.46542,192.4116022583208,192.0979183775815,192.9376915504469,194.3015640239607,193.16087120349425,195.10104472407488,193.29026915269267,193.57771258643456,183.96673583984375,199.6840362548828,193.9344825744629,193.91741943359375,192.61551722813454,193.1625849834479,183.96673583984375,199.6840362548828,170.30896
ID18,1998-03-01,199.93527,197.5866,202.50954,195.57382,193.86284,197.88626,200.00046,192.55457,194.79034,208.77156,198.04422,199.07176638921553,197.7628703415693,198.90707533898495,197.9214627704319,199.31607757254332,197.20169239574633,199.3507001242605,197.7237832277958,195.57382202148438,192.5545654296875,199.5157928466797,198.24367332458496,199.22367292691774,197.47069924000473,195.57382202148438,192.5545654296875,188.56293
ID18,1998-03-08,188.3529,181.69705,196.26617,187.66797,186.63158,183.65814,190.47926,183.6704,187.68427,214.99286,200.5669,191.36603968175135,191.39907637891235,192.5085053000264,192.2932689219146,192.96550514617084,190.82857316846867,191.34316814854628,190.3329539212065,187.66796875,183.67039489746094,191.21824264526367,191.3813304901123,190.85662380498417,189.79252373243474,187.66796875,183.67039489746094,173.63945
ID18,1998-03-15,184.4313,182.15715,196.6707,183.70596,180.63802,184.94383,184.21835,181.34535,175.93198,211.76834,269.11847,188.65110366044135,187.07421957612817,202.61430403920565,197.27472360933382,201.82041314400772,192.78623215741993,188.47401525028062,186.19362256651456,183.70596313476562,181.34535217285156,188.56670761108398,187.40281677246094,187.98476216467003,185.66543342783743,183.70596313476562,181.34535217285156,199.97165
ID18,1998-03-22,173.40819,187.6571,197.4796,185.28558,184.22899,190.91064,199.79782,193.57454,176.09908,213.77798,186.46542,188.7733431120966,189.76561587331327,188.29940194018837,192.11392430968027,189.30264659434562,192.38830316605282,193.54168915016066,192.2980483779207,185.28558349609375,193.5745391845703,191.56823921203613,192.64427947998047,192.347097980496,191.7697744333469,185.28558349609375,193.5745391845703,186.21031
ID19,1998-01-04,108.07037,104.46959,105.74272,94.92814,99.97467,104.68172,102.324265,101.58525,105.76929,130.87239,123.11508,107.75647007835654,107.10710419529885,108.84069134160592,115.58189985308246,108.41663348828786,119.23397642972985,109.30511157432156,108.20534204835812,94.92813873291016,130.8723907470703,106.38298320770264,105.7348051071167,108.78046096777052,107.71177338123854,94.92813873291016,130.8723907470703,112.72676
ID19,1998-01-11,107.95979,103.12034,105.24592,98.4778,101.10149,111.78346,105.02165,104.89601,106.82403,135.47472,137.54251,110.05224482918985,110.59050380071972,111.95326032844105,118.59148063696068,111.24765270717742,122.70168918202229,111.86677781065855,111.09582904278795,98.47779846191406,135.47471618652344,108.52314567565918,108.60313415527344,111.44242351767895,110.4970801238329,98.47779846191406,135.47471618652344,97.85998
ID19,1998-01-18,104.46222,111.10787,110.93041,100.566414,110.84561,118.14764,113.66182,110.76812,111.06131,136.76573,169.99716,114.81272853216399,116.33273799940036,121.59714538981538,122.43957084428236,120.25740556951696,125.77860777369908,116.26386105659529,116.18571022658332,100.56641387939453,136.76573181152344,113.31096458435059,114.09338188171387,115.99765649228345,115.67499821450131,100.56641387939453,136.76573181152344,107.85147
ID19,1998-01-25,106.636314,111.789894,110.12934,102.24606,113.99959,118.60633,114.727936,115.94604,112.92012,131.43272,115.36281,115.05316402716488,117.11271902772998,111.79716841063748,121.43649710225895,111.60012472272592,123.72263970822877,115.93625295377703,116.5735901634967,102.24606323242188,131.43272399902344,113.69602394104004,115.0010175704956,115.74370467878423,116.11187049719436,102.24606323242188,131.43272399902344,121.30102
ID19,1998-02-01,119.78432,113.95972,120.811745,110.62033,115.309975,119.66139,120.379326,120.9784,118.032425,132.91975,123.11508,119.87816210730057,121.09569578129606,118.87560970894275,125.77059713488126,119.12932307605989,127.33985201192553,121.09814351105659,121.15999442782025,110.62033081054688,132.9197540283203,119.18081951141357,119.83916854858398,121.06598339681776,120.85288855254642,110.62033081054688,132.9197540283203,119.68537
ID19,1998-02-08,111.567406,112.14105,113.254944,105.85539,110.43869,114.44478,114.501976,112.90672,113.03091,135.52608,137.54251,115.87794791402929,116.64013942592297,117.6564369896416,123.00305318780596,117.09952307019418,125.97978213540178,117.34152000380601,116.9894876476614,105.85539245605469,135.5260772705078,114.71628952026367,114.99493598937988,117.10910343740258,116.57594210281758,105.85539245605469,135.5260772705078,110.26077
ID19,1998-02-15,117.034004,117.14256,112.28215,106.54974,114.02429,117.28109,116.72598,115.933495,113.1689,140.98859,169.99716,119.44252575662733,119.55868517765302,125.01484416237241,126.10889644219654,123.44938335358694,129.83055482749083,120.42730752126838,119.43374000244657,106.54974365234375,140.98858642578125,117.7535514831543,117.1192798614502,120.02593598508372,118.85357525020693,106.54974365234375,140.98858642578125,113.10941
ID19,1998-02-22,110.8298,110.47956,110.22235,103.992584,110.35322,121.832695,114.3742,116.147835,113.48339,139.06023,115.36281,116.7628389238983,118.65309041608708,112.50486990046527,124.87810917889976,112.35894821564332,128.2540568267937,118.10061662333516,118.27603944134671,103.99258422851562,139.0602264404297,115.14307975769043,116.18331241607666,117.81981928784427,117.67689461315408,103.99258422851562,139.0602264404297,117.81463
ID19,1998-03-01,127.53751,123.31838,122.90534,115.05048,121.7502,124.6793,125.65245,126.02113,123.94471,129.73761,123.11508,124.56932628156537,124.57768500589673,122.85057793953425,126.92115464540753,122.83317279790933,127.43470132853135,124.39838362327177,124.33683454608021,115.05048370361328,129.73760986328125,123.8289098739624,123.71765327453613,124.33620700682236,124.23877085473472,115.05048370361328,129.73760986328125,109.53798
ID19,1998-03-08,127.075386,123.108345,120.16793,111.73795,120.00802,118.609474,122.32006,121.98436,122.08632,135.22758,137.54251,123.41820353432885,122.61896300690032,124.36459003992948,127.56805099288297,123.7598459962808,129.3498185746663,123.64839955813027,122.97791771225647,111.73795318603516,135.2275848388672,122.28184413909912,121.51771259307861,123.36362335441169,122.7533850470113,111.73795318603516,135.2275848388672,112.825966
ID19,1998-03-15,119.55292,118.250565,111.66016,108.41802,116.394226,117.79744,115.96299,117.06155,115.09198,135.26036,169.99716,119.40847467626884,119.14200549615582,125.43895352965072,123.94014595891078,123.76160392367595,126.82396327755268,119.79113538882652,118.97655579770486,108.41802215576172,135.26036071777344,117.91208457946777,117.20584011077881,119.3726747801145,118.49852419359134,108.41802215576172,135.26036071777344,102.72109
ID19,1998-03-22,118.41522,121.990906,115.81028,112.07449,118.18157,119.80068,123.02013,118.93643,118.49027,136.06479,115.36281,121.96368257169625,121.95971614727017,118.03302220808256,126.25826368913877,117.72233302355657,128.62394085043553,122.34158615598326,121.800900141355,112.07449340820312,136.06478881835938,120.6697587966919,120.29733085632324,122.18751634757973,121.57701271356709,112.07449340820312,136.06478881835938,120.26644
ID2,1998-01-04,157.10934,158.07384,176.4107,161.13945,141.86748,147.75273,142.46556,150.01392,150.74287,188.8581,196.21599,156.27322442935568,164.8262270192875,170.36087124426194,167.85141979972866,170.83256574213783,164.52130643141018,164.52673111347605,167.57019089384232,161.1394500732422,158.07383728027344,159.20965003967285,165.26755714416504,165.3622785498539,168.96823583396844,161.1394500732422,188.85809326171875,144.60034
ID2,1998-01-11,153.7081,160.21486,176.9766,165.16907,136.47311,153.61534,159.8679,165.46567,135.55544,195.12448,201.00624,158.73680836122227,167.258482126682,170.00381733379788,170.11250638412469,170.6978656730111,167.3953389017856,167.06117203062684,170.321281648485,165.1690673828125,160.21485900878906,162.6436824798584,168.5675449371338,167.8945580849044,171.76441085622176,165.1690673828125,195.12448120117188,165.10771
ID2,1998-01-18,149.28055,169.12048,178.80617,168.42001,147.89027,160.3317,162.67047,165.47717,158.17009,197.60384,240.98639,164.6064695564965,179.32800539087827,183.30125614387623,174.66991342816857,182.4308715016431,172.20765119974655,170.23143551763445,177.0267938108921,168.42001342773438,169.1204833984375,166.76543617248535,176.8472728729248,170.97606290970631,179.1583608927579,168.42001342773438,197.6038360595703,169.40193
ID2,1998-01-25,151.80511,167.49269,177.86606,169.41644,151.77768,161.60954,155.55798,171.21516,170.76028,189.4113,166.22733,164.76214986296165,165.46197398304264,170.81189269629542,170.85007608274847,171.41159352656487,169.83645550457143,168.77529813015724,168.53058894071663,169.41644287109375,167.49269104003906,165.61710166931152,166.1943244934082,169.33732386406476,168.97384985673105,169.41644287109375,189.4113006591797,182.85147
ID2,1998-02-01,184.0768,174.17844,189.208,180.97235,134.48886,160.2092,156.87737,159.44293,160.14294,193.27911,196.21599,166.73114668435667,173.07636033075062,182.0792703376527,183.4213931483169,182.79743952379016,181.45515805344735,178.94486977944666,180.6036008148525,180.97235107421875,174.17843627929688,171.66126441955566,176.16211318969727,179.62518828582736,181.5642003660642,180.97235107421875,193.27911376953125,185.72845
ID2,1998-02-08,172.36725,170.57547,183.38884,172.84073,128.09415,154.95023,147.8063,154.21352,145.76044,198.3754,201.00624,160.38411037386714,168.64328552898183,177.23235001456766,178.90531243929576,177.7796120624527,175.80122841590443,173.72038180672345,176.34093597229247,172.84072875976562,170.57546997070312,166.04979515075684,171.8067970275879,174.70711486256374,177.78076552246887,172.84072875976562,198.37539672851562,183.33333
ID2,1998-02-15,176.80344,178.30316,179.49484,171.55077,146.25497,163.45314,173.12202,164.02234,158.9381,201.56984,240.98639,167.74493589085412,181.88775322910254,187.4040940767435,182.5176605545698,186.230105924084,178.53862175250654,178.46925946989512,184.47345103304343,171.55076599121094,178.30316162109375,173.81902313232422,183.51067924499512,179.34563049015514,186.54975425805543,171.55076599121094,201.56983947753906,177.9195
ID2,1998-02-22,166.29434,173.07637,180.7483,171.22406,141.22282,158.46983,156.80655,158.51196,171.62428,201.76749,166.22733,163.93990670753843,165.1069963252604,174.35139476843173,177.25957304393327,174.84613469600865,174.39280444100956,174.49682677150588,173.70261772231643,171.22406005859375,173.0763702392578,168.70122146606445,169.67090797424316,175.45202628522526,174.37391031052456,171.22406005859375,201.76748657226562,190.49036
ID2,1998-03-01,188.99689,180.56557,187.18132,181.11267,138.80101,156.74677,153.77937,154.02193,168.45432,189.78339,196.21599,167.33155146590013,174.1179217132835,184.18058268728782,184.98108195672452,184.2710926551149,183.04064718635072,180.13217136494617,181.67687307434352,181.1126708984375,180.56556701660156,172.1208724975586,177.0545253753662,180.75358409736964,182.56071747817236,181.1126708984375,189.78338623046875,196.17346
ID2,1998-03-08,179.796,178.52614,184.7989,177.01479,139.80515,147.89615,153.58241,149.72987,146.76552,195.3033,201.00624,164.62926917195895,173.63857004925245,179.96302923411207,182.81255211768712,180.193727081813,180.2158193887611,178.07052811817562,180.2732910014019,177.01478576660156,178.52613830566406,169.5903549194336,176.22911643981934,178.8536064111475,181.44264528230957,177.01478576660156,195.3032989501953,183.56009
ID2,1998-03-15,179.37556,175.70885,181.62831,174.73254,136.83047,145.95027,143.87251,147.07106,151.49445,195.31937,240.98639,161.31265358485672,178.15125602194865,186.48031809802967,182.29071274915435,185.53178540464566,179.0661707899871,175.69995351616393,181.9701112797048,174.7325439453125,175.70884704589844,166.67723655700684,178.5567512512207,176.603288901048,184.12791761807705,174.7325439453125,195.31936645507812,177.21089
ID2,1998-03-22,168.3987,179.08032,182.0771,175.93764,144.87404,145.46146,150.5566,155.74156,141.48564,197.0344,166.22733,164.32018414912704,167.23695521553768,171.47805099215378,179.7339698583674,172.34704851820837,177.9699503249029,176.06242275456037,175.11785270448482,175.93763732910156,179.080322265625,167.9275302886963,170.5232639312744,176.85328212615593,175.61139755537747,175.93763732910156,197.03439331054688,138.84966
ID20,1998-01-04,101.02331,101.98692,109.2903,106.26058,99.549065,103.30819,103.42411,98.784966,104.41838,118.19566,122.0805,104.58909352391622,107.9650559000217,109.1659866516276,109.47094857150142,109.1639181049807,110.70982403547009,105.52152939229386,108.2372549734875,106.26058197021484,122.08049774169922,105.37976741790771,108.33497047424315,103.61145564484644,107.88254402894718,106.26058197021484,122.08049774169922,112.81179
ID20,1998-01-11,97.98489,99.50703,106.283806,105.168365,99.75663,100.74861,100.29454,97.15787,103.2035,120.40072,114.07313,103.05146913852883,105.44650895309697,106.11484082537712,106.7113320617317,106.14317205238022,107.32811799845223,103.76580950410013,105.49356108543822,105.16836547851562,114.07312774658203,103.76807403564453,105.8644971847534,101.29423281738599,104.42018213999069,105.16836547851562,114.07312774658203,107.19955
ID20,1998-01-18,100.912865,107.11805,111.918304,108.30126,102.7452,104.76495,107.012024,102.30393,106.645935,121.985085,150.17007,107.56007349642306,114.52095782802292,116.72237764652955,118.90088416004292,116.02814495512337,121.933634879854,108.34147727087641,114.65767222450023,108.30126190185547,150.17007446289062,108.09471797943115,114.25794982910155,106.32967656188146,116.88422798486464,108.30126190185547,150.17007446289062,103.302155
ID20,1998-01-25,109.513336,108.24168,113.31696,112.73691,105.9485,107.88421,109.50779,108.738434,107.9013,118.67812,105.28628,110.01780601558553,109.96749986992148,110.04146581068511,108.86160751706339,110.45473041544292,108.58256532157375,111.15546810384139,110.24662976712877,112.73690795898438,105.2862777709961,110.72843837738037,110.64779663085936,109.601486288085,108.06686286723402,112.73690795898438,105.2862777709961,112.74093
ID20,1998-02-01,121.502754,112.38079,122.598755,121.66948,114.80035,115.910614,117.01329,114.83843,117.21872,121.39172,122.0805,117.13302465527775,118.3681554025693,119.53405406214964,118.90998772039347,119.99070236222161,119.37049306678779,118.94028724374475,119.47531986233697,121.66947937011719,122.08049774169922,118.40846920013428,119.48200130462645,117.93846441033095,118.53012366916633,121.66947937011719,122.08049774169922,136.72052
ID20,1998-02-08,112.20502,104.57729,114.91516,112.267075,110.39498,114.04325,110.046844,110.70364,108.595604,123.10614,114.07313,112.0912245828062,111.8362027177663,111.8091340949149,112.72820316780837,112.3412682323736,112.78308659655188,112.08906013922382,112.04639648339841,112.26707458496094,114.07312774658203,112.69447040557861,112.47328281402586,111.1046227718187,111.02677975971386,112.26707458496094,114.07312774658203,117.02097
ID20,1998-02-15,111.618614,108.24659,113.16036,110.12632,108.48241,112.13109,112.47025,109.7097,110.57336,125.498634,150.17007,112.9303915829461,118.58837265023436,118.85320765532316,122.19173475513423,118.20294990539364,124.80395020117976,112.35813165303864,117.94934288045715,110.1263198852539,150.17007446289062,112.71678352355957,117.73302555084227,111.11544487686909,120.47105596996788,110.1263198852539,150.17007446289062,129.16667
ID20,1998-02-22,106.75906,108.15383,114.68662,112.27402,106.408485,111.62702,108.73616,111.117424,109.37484,126.70412,105.28628,111.28276311530088,110.85977235530747,110.79915655282969,110.1550219091811,111.30775928084188,109.62332071164536,111.67643810405514,110.81998309010622,112.27401733398438,105.2862777709961,111.91866493225098,111.49686622619627,109.69989895696968,108.41728612707581,112.27401733398438,105.2862777709961,116.48243
ID20,1998-03-01,119.035835,114.497,120.68474,119.00463,117.351524,118.61172,120.737785,116.16989,117.13016,119.32732,122.0805,118.32660146773236,118.78428663112291,118.87548333617488,119.37372540305543,119.15174873462857,119.70959722675133,118.57622308813453,118.98979414696771,119.00463104248047,122.08049774169922,118.65631866455078,119.0622453689575,118.80155421738488,119.05301372835106,119.00463104248047,122.08049774169922,142.92801
ID20,1998-03-08,112.06093,108.996,116.24849,112.974686,114.55302,110.85608,114.455215,110.354614,111.32076,121.71634,114.07313,113.76372257245679,113.73545667891784,113.38723566487621,114.38060526755713,113.75182137486664,114.25217501395679,113.94640678302507,113.57834559484775,112.97468566894531,114.07312774658203,113.98259449005127,113.98069381713866,113.21815780207372,112.95555941410223,112.97468566894531,114.07312774658203,116.0856
ID20,1998-03-15,109.13641,106.91733,112.15864,107.39181,110.92271,109.64071,110.94095,110.692116,107.93708,120.43332,150.17007,111.19208213738983,116.426486882168,117.21724081747334,121.34695943252473,116.59735517456937,123.9897529499822,110.57787944029192,116.01315987554611,107.39180755615234,150.17007446289062,110.94273376464844,115.63570117950438,109.93998761028485,119.56160093901427,107.39180755615234,150.17007446289062,110.04819
ID20,1998-03-22,110.393654,112.95229,117.198784,111.40998,112.085236,112.16468,117.10217,111.52569,109.71478,122.284485,105.28628,114.64239215674326,113.34616218831677,112.2267271129075,111.89693163472393,112.76812250113565,111.19987602017017,114.43535913334986,112.64760414610679,111.40998077392578,105.2862777709961,114.4489107131958,113.29280376434325,113.95520959302016,110.9359212600005,111.40998077392578,105.2862777709961,81.16496
ID21,1998-01-04,101.13596,103.81811,110.45864,106.924774,101.79628,103.20496,106.81965,103.18915,111.53035,120.30464,120.804985,106.63017040264064,109.61227457880321,110.87169019502278,108.12540331388543,110.74809482136642,108.6989651124905,107.48925597589633,108.71627555339597,106.92477416992188,120.30464172363281,106.80787754058838,108.55604457855225,107.8080902154234,108.24758251292315,106.92477416992188,120.30464172363281,106.56179
ID21,1998-01-11,94.26221,100.94475,111.3412,106.984375,103.142265,104.03067,106.19821,101.67653,110.1979,124.1919,131.78854,105.79884710815044,111.26073683567753,112.19696497579122,107.66855401979988,112.02671207214513,108.58212629560686,106.93214585048807,109.18489193988195,106.984375,124.19190216064453,106.38694763183594,109.58573913574219,107.48431172389007,107.8436000638724,106.984375,124.19190216064453,102.437645
ID21,1998-01-18,95.82491,106.36835,113.956154,109.90637,111.43998,108.394226,113.701256,106.65171,113.580025,126.328735,152.9195,110.28129734046173,118.9314600681858,118.81751772472958,110.70037338436902,118.1180010184718,111.96690168929437,110.73054374834607,114.24589609658969,109.9063720703125,126.3287353515625,110.73999786376953,115.64227771759033,111.29748613726346,111.35999156373178,109.9063720703125,126.3287353515625,108.379135
ID21,1998-01-25,107.69732,115.637726,119.13797,115.86618,115.69414,109.80586,114.85171,109.81916,115.95039,122.56462,104.861115,114.73489966035689,112.62970635021263,114.5031529417493,114.78154733951543,114.9131675748367,115.15400357170202,115.48942156124079,114.59573751703637,115.86618041992188,122.56462097167969,115.15694046020508,113.9081163406372,115.76061255873138,115.84206180890408,115.86618041992188,122.56462097167969,95.45068
ID21,1998-02-01,117.40619,114.27291,123.15683,122.342926,119.81786,122.45106,119.8708,121.161125,120.32438,123.91179,120.804985,119.58803286710412,119.81412590758706,120.25724249485248,121.1190862999884,120.71379269801275,121.25784417570617,120.4380372401267,120.51197111871986,122.34292602539062,123.91178894042969,120.40379524230957,120.52056884765625,120.61873251715127,120.64079059293641,122.34292602539062,123.91178894042969,132.21371
ID21,1998-02-08,111.96086,111.06974,118.68973,113.47621,115.06296,116.012,114.67248,113.5377,115.14207,125.22896,131.78854,115.58578734981793,119.12142846862264,118.47347325206404,116.82206756270628,118.50912247647044,116.92675261377346,115.98878502808604,117.48284954368971,113.47621154785156,125.22895812988281,115.77161693572998,117.91112518310547,116.25256582401647,116.25039413963347,113.47621154785156,125.22895812988281,118.60828
ID21,1998-02-15,115.693726,118.29175,118.8226,113.09433,116.87702,116.84457,119.448044,114.24901,117.75007,128.36673,152.9195,119.11655153350074,126.24154816033317,124.46937036622384,119.05065080189758,123.68853331927224,119.31757010595918,118.62251251404042,121.59647610490006,113.09432983398438,128.36672973632812,118.42984580993652,122.61377716064453,118.80078501714769,118.65140066310786,113.09432983398438,128.36672973632812,117.58787
ID21,1998-02-22,109.91372,115.12313,120.13991,116.921196,117.14048,115.79767,116.95815,116.66325,118.059525,129.18198,104.861115,117.5052571943349,114.88763911405968,115.57904415752418,118.35908034292233,116.0886502679003,118.11854827007676,117.93550093113882,116.8502374986799,116.92119598388672,129.18197631835938,117.64702892303467,116.1348991394043,118.28734226970272,118.35601526802425,116.92119598388672,129.18197631835938,116.36905
ID21,1998-03-01,116.71531,120.18402,125.24284,123.54209,125.20675,122.61465,126.10736,127.63279,120.882225,121.72759,120.804985,121.7959733392571,121.10179292733773,121.94199237959111,121.70111103095724,122.32492882103769,122.01462528696177,122.23633269443336,121.82669916160992,123.5420913696289,121.72759246826172,122.66757678985596,122.00477981567383,122.3803655377503,121.974524030617,123.5420913696289,121.72759246826172,123.85204
ID21,1998-03-08,117.337494,118.87714,121.5227,115.725914,120.92732,117.90766,121.7228,120.62611,117.768616,123.52378,131.78854,119.75672262181106,122.08523721094375,121.50752867234907,119.44662699086729,121.42639250195644,119.50433394659072,119.57883611562545,120.50231187656865,115.72591400146484,123.5237808227539,119.69310092926025,120.95131874084473,119.68819004972018,119.35667459876879,115.72591400146484,123.5237808227539,117.928
ID21,1998-03-15,111.8102,114.32967,117.592865,113.39625,121.204315,116.3734,116.7376,117.3802,115.32715,123.3019,152.9195,116.94290195890301,124.58874186229855,122.61197158690595,116.6978066555602,121.95631072961969,117.2820222973242,116.6120752611737,119.81508114181553,113.39624786376953,123.3019027709961,116.84327602386475,121.36601257324219,116.84933056015883,116.70508687616307,113.39624786376953,123.3019027709961,118.57993
ID21,1998-03-22,119.79042,121.14805,122.01158,118.99639,121.69198,120.587265,124.508865,120.54775,119.40024,126.82662,104.861115,122.23228854051601,118.2959737303387,118.04174781202292,121.87544659908014,118.49968037300042,121.21310155695257,121.88039072578789,120.18250455251831,118.99639129638672,126.82662200927734,121.94514656066895,119.48917770385742,121.98313376543697,121.5516374418616,118.99639129638672,126.82662200927734,130.38548
ID22,1998-01-04,76.45531,72.973076,77.73524,72.3518,80.8649,81.829384,79.30051,72.79066,73.87344,87.88716,85.37612,77.64066374326886,76.63777933077668,77.46132216486782,80.97973065365834,77.59161265596443,81.33658686298234,78.57002693998979,77.95323536350675,72.35179901123047,77.73523712158203,78.6746711730957,77.80073928833008,78.88568475294342,79.25017502210022,72.35179901123047,87.88716125488281,70.23935
ID22,1998-01-11,70.84312,72.179504,77.20663,74.69375,78.17321,82.64274,86.58888,74.613014,78.68929,90.018,80.49711,76.85167133696498,76.44061237400018,77.122868271673,81.81006495328829,77.23740327324204,82.34958597176899,79.10372483430726,79.13828164181584,74.6937484741211,77.20662689208984,79.04322814941406,79.10773849487305,79.778961474282,79.90875517855291,74.6937484741211,90.01799774169922,67.67491
ID22,1998-01-18,68.49885,76.6172,76.139854,72.81755,84.196815,84.19657,88.2134,72.35936,77.52149,88.69545,108.49553,78.74982689384589,77.05556451432183,82.23154807182524,85.24184041346629,81.50267962606941,84.93347272083678,79.52278289094052,78.96967511523688,72.81755065917969,76.13985443115234,79.9219617843628,79.08754634857178,80.16500318108908,81.98188209552626,72.81755065917969,88.69544982910156,64.66334
ID22,1998-01-25,74.11098,77.09586,76.46027,74.68179,77.327675,76.24628,88.80275,76.62305,74.55822,85.936676,79.19516,77.36223817768243,77.37298894723585,76.92636301620598,79.28061922608936,76.84483412512819,79.57678116126887,78.83869701926857,78.55948535185541,74.68179321289062,76.46027374267578,78.83278560638428,78.48660373687744,79.35784202876177,79.44580932264859,74.68179321289062,85.93667602539062,68.97685
ID22,1998-02-01,80.79748,83.430466,86.79296,82.41957,72.548904,69.23315,84.772415,78.693405,80.42977,89.151726,85.37612,79.69021746574441,81.91149217936024,84.16976299653058,81.29539413508657,84.2543401777438,81.3859873354672,81.81405793173948,82.41303768847409,82.41957092285156,86.79296112060547,81.1433334350586,82.12844181060791,82.33469933441933,83.0307512697466,82.41957092285156,89.15172576904297,89.954895
ID22,1998-02-08,77.21443,77.509476,84.5466,81.70799,71.66128,73.73443,83.15023,77.034966,79.823235,91.243935,80.49711,77.87180743663004,79.80356598215647,81.35221479004116,81.38824356593379,81.66847906196573,81.83579301587274,80.80659645271544,81.43343184163442,81.70799255371094,84.54660034179688,80.0960464477539,81.11629104614258,81.45869670714453,81.87066903978975,81.70799255371094,91.24393463134766,75.49974
ID22,1998-02-15,78.406525,79.618935,80.01244,77.87771,81.41825,76.38711,88.39195,85.72952,77.94301,91.49961,108.49553,80.43293370727368,80.12645498880929,85.11036920158517,85.24327803134643,84.43198094885082,84.86286975562534,81.72488252831252,81.3974287181715,77.8777084350586,80.01244354248047,81.70156669616699,81.26716136932373,82.20689224686761,84.11491289836479,77.8777084350586,91.4996109008789,56.009995
ID22,1998-02-22,78.81855,76.06053,78.36018,76.19078,79.87719,84.05094,88.02839,79.47754,74.60664,91.81121,79.19516,79.74653879724657,79.70590041561482,77.95746159681353,82.58611567449202,78.13909856505443,83.26945780437198,81.69368045646291,81.17758180964574,76.19078063964844,78.36018371582031,81.6497220993042,80.99090385437012,82.22395962455607,82.12364302975887,76.19078063964844,91.81121063232422,64.41347
ID22,1998-03-01,71.44068,77.1579,87.23073,84.2984,75.205795,73.44791,83.87126,77.01945,75.44485,87.770996,85.37612,78.28222927271635,79.23914083413166,81.96653861294382,81.89205297070019,82.49445078015599,82.026016817417,80.67622783222987,80.61958540787269,84.29840087890625,87.23072814941406,80.05295848846436,80.08283996582031,81.23757676311659,81.82759132650597,84.29840087890625,87.77099609375,75.06576
ID22,1998-03-08,71.64069,75.829956,84.46939,81.49098,75.49446,77.041374,78.71844,75.00443,77.36229,90.27077,80.49711,77.67309386446125,78.35074822970817,80.24804960556952,81.6676692357366,80.72523068103087,82.12990926040052,79.85862916701284,79.96933414461911,81.49098205566406,84.46939086914062,79.36950778961182,79.6029863357544,80.48529554652939,80.73082716101759,81.49098205566406,90.27076721191406,72.14624
ID22,1998-03-15,77.641235,72.66451,82.550995,76.535995,76.315865,78.998924,80.44664,74.216194,77.58484,88.2374,108.49553,77.4440959622515,77.79502748729004,84.02155525107668,84.13284573481933,83.87981975647858,83.8432398297417,79.53924617803143,79.61073185250204,76.53599548339844,82.55099487304688,79.17394542694092,79.33256721496582,79.90372889832331,82.11276572953017,76.53599548339844,88.23739624023438,78.01157
ID22,1998-03-22,67.828255,71.95792,79.74571,76.073746,82.68141,86.641716,84.76527,77.51767,68.21861,87.19791,79.19516,78.0493774052606,76.60860304346491,75.66857763244987,81.85181298542875,76.3142441762967,82.45114336907763,79.5070222253522,78.20842802879417,76.07374572753906,79.74571228027344,79.6114912033081,77.8036413192749,80.0258659308873,79.83659875240048,76.07374572753906,87.19790649414062,73.27722
ID23,1998-01-04,229.63802,236.4479,232.9955,201.43489,199.55545,207.273,176.70663,213.54742,181.03651,293.1656,310.1049,208.24846290635452,223.745585048671,238.7828246516563,248.4322382086549,237.57580692686724,246.8309956627756,224.1668822104365,224.88978962139714,201.4348907470703,236.44790649414062,222.1521224975586,225.59507369995117,221.78501230554807,230.70958337453015,201.4348907470703,236.44790649414062,187.17404
ID23,1998-01-11,190.45462,241.15904,226.15213,204.15068,191.45766,218.4029,188.95587,221.26659,177.77263,301.41556,317.68707,210.26229225108673,224.83069166654585,237.41956157156514,252.93267811282357,235.46751681900687,250.82807044195766,220.15862472871038,222.98338616575674,204.1506805419922,241.15904235839844,220.26855659484863,221.26255226135254,218.1949833094761,230.12862485321062,204.1506805419922,241.15904235839844,114.2514
ID23,1998-01-18,201.33798,221.55994,219.54724,195.40063,190.74503,218.01445,185.70087,218.9103,179.14268,306.68732,402.87698,204.68349020968057,229.72290420984442,247.92251697428503,268.3707213711293,244.24665054740098,254.79299154736816,212.3563894054185,221.67752080253894,195.400634765625,221.5599365234375,217.37418174743652,228.6900978088379,210.44809864215694,233.91240026308878,195.400634765625,221.5599365234375,154.86111
ID23,1998-01-25,201.6087,226.70917,225.33478,200.74077,198.82545,222.6222,194.06781,227.52522,195.66489,291.6237,246.71202,210.63355340867938,219.22733308186363,223.9951410842366,230.87479648087353,223.8889793202625,230.43769679549263,216.6672089832962,217.62452629922447,200.7407684326172,226.70916748046875,220.19157028198242,215.3901252746582,215.35347291770074,220.82083167293553,200.7407684326172,226.70916748046875,176.3322
ID23,1998-02-01,217.99474,238.87224,241.76328,213.09242,188.62303,203.71252,201.76361,211.25009,210.31413,300.27615,310.1049,217.11121228221762,226.59290290087898,247.117724263733,251.40125320790935,245.73312720365564,249.85859089702,227.01975812384103,227.5184351937001,213.09242248535156,238.8722381591797,225.76224899291992,229.00185203552246,223.19156147220048,231.3896640596921,213.09242248535156,238.8722381591797,194.11848
ID23,1998-02-08,206.13792,211.7157,226.51038,196.86499,183.14363,197.49055,188.62308,201.70236,190.55066,310.22614,317.68707,204.17002395007066,215.55232710018302,234.53931500486866,240.4846497521957,233.21848911145656,233.47492532937326,210.41647754782304,212.59943723817258,196.864990234375,211.7156982421875,215.08904838562012,216.78908920288086,206.28332031709203,218.42429648627518,196.864990234375,211.7156982421875,165.15022
ID23,1998-02-15,230.46188,213.75516,214.83096,189.66444,194.29384,216.15544,189.5108,209.54385,196.31418,312.10712,402.87698,203.87701912397594,226.6083666898934,249.24307407896367,263.7027027163391,245.10314068192957,249.87382374305767,211.69268665872337,219.96962768493785,189.66444396972656,213.75515747070312,220.09745597839355,231.4676628112793,209.92200817564435,232.10086410156737,189.66444396972656,213.75515747070312,181.33504
ID23,1998-02-22,222.5723,202.66812,215.83797,187.82416,189.89574,221.76122,186.31677,206.94289,200.17958,316.3227,246.71202,201.3119453846423,207.04839080609622,218.8257840016879,218.34868826462224,218.7564244897809,215.3166482582189,207.05572938954046,206.04802429489027,187.82415771484375,202.66812133789062,217.89986991882324,209.0790958404541,205.34303752313687,210.35432322233717,187.82415771484375,202.66812133789062,191.42574
ID23,1998-03-01,249.80759,230.9585,237.26811,212.38268,199.63083,213.52376,203.30826,204.56369,201.46747,295.57358,310.1049,217.88132184301475,224.27702835590333,244.60530681533402,246.89973541295552,243.53374629872263,244.57668773923905,228.58842163149208,227.23533730863136,212.38267517089844,230.95849609375,230.30666160583496,230.77296829223633,225.9290771776662,232.37688951284136,212.38267517089844,230.95849609375,209.84978
ID23,1998-03-08,236.20807,199.32043,222.55476,200.33383,200.45381,195.39153,193.56755,196.97992,192.70288,305.5139,317.68707,206.93659146174275,215.74824384538786,233.46989608261086,235.7447395796475,232.26504416140392,226.3281147668359,211.80930325764064,213.11669752314037,200.33383178710938,199.3204345703125,219.16798400878906,220.78009796142578,207.54535186406432,218.62965458999162,200.33383178710938,199.3204345703125,211.36621
ID23,1998-03-15,216.57039,188.89929,226.91264,199.73158,189.4909,198.15979,184.06752,192.78625,179.62035,301.04526,402.87698,201.93397173486022,221.2658246362261,244.85854907317236,254.82070763201503,242.80046242647978,235.53190954735737,205.88744248900733,212.71500242261902,199.73158264160156,188.8992919921875,213.10967254638672,224.6110496520996,201.5145168084034,223.39084399551064,199.73158264160156,188.8992919921875,195.73413
ID23,1998-03-22,189.21323,194.4518,221.15294,194.90344,192.00853,192.84007,192.88803,197.49553,179.25122,307.6253,246.71202,203.5411039025467,204.41346512362801,213.85884130341356,214.6261805708871,214.62484534253443,209.7991104224696,202.4152865719123,201.01071789709633,194.9034423828125,194.45179748535156,210.63541793823242,201.898588180542,197.735559343945,203.34313094673158,194.9034423828125,194.45179748535156,217.60204
ID24,1998-01-04,107.02159,105.85662,100.3275,99.21803,105.75862,108.16213,101.68003,101.469696,105.016235,141.91626,144.43027,114.69129399304686,104.78708083666781,112.60341831601966,108.35607978216626,111.20430279638506,106.8717598276063,104.76431669404259,103.54230972619908,99.21803283691406,99.21803283691406,108.74259853363037,103.68677806854248,105.27335966061955,107.2424214682588,99.21803283691406,99.21803283691406,114.83843
ID24,1998-01-11,106.38754,96.079384,103.68525,101.93728,103.16367,113.03316,105.36646,107.062805,103.95942,145.12225,148.9796,113.18887143545197,103.02413671677854,112.75307855265213,109.09018936188309,111.96481527374145,107.77900125972423,104.84049988481584,104.13105370187041,101.9372787475586,101.9372787475586,109.34687519073486,104.58944416046143,105.13322521521123,107.48526506146243,101.9372787475586,101.9372787475586,119.14683
ID24,1998-01-18,108.88341,115.29117,110.61643,106.35305,107.418076,116.81842,107.005615,103.82873,104.91889,150.74686,203.52892,121.59090231518556,110.4264951582285,129.16955479177423,119.77030085229003,126.91137576770436,114.58603575345778,111.2577700035663,109.54173397667387,106.3530502319336,106.3530502319336,115.39162826538086,109.52686214447021,112.2181849484307,116.86622941923932,106.3530502319336,106.3530502319336,128.11792
ID24,1998-01-25,117.428055,120.18608,116.73194,115.806335,113.98075,117.91324,114.445946,114.86325,109.49636,143.24164,117.34694,124.35871044979687,117.43893334413062,117.6394989802331,116.57694013348149,117.55898373699169,116.40780989770539,117.40965865430864,116.53283493642726,115.80633544921875,115.80633544921875,119.96674823760986,116.41944980621338,118.29136080153799,118.08628723656273,115.80633544921875,115.80633544921875,122.50567
ID24,1998-02-01,136.41933,133.55267,130.09204,126.68775,113.41954,122.168,121.12424,120.96153,120.56302,146.48195,144.43027,134.38865785213702,128.81983971768506,132.66237223915735,129.4113383028525,132.2540198851717,130.981041841129,127.36888688489577,126.23965025461052,126.68775177001953,126.68775177001953,128.74318981170654,125.55313777923584,128.73104372020504,129.57202440438172,126.68775177001953,126.68775177001953,143.42404
ID24,1998-02-08,117.919624,117.897064,115.840805,116.32564,106.8649,114.130325,112.06357,111.024086,109.86796,148.64383,148.9796,124.39525067633994,115.32691101449481,123.25558662048769,118.58889638154432,122.3876943955982,117.76839614666234,115.61832957472578,114.35512989553945,116.32563781738281,116.32563781738281,118.71071910858154,114.00825119018555,117.02815241908331,118.7181077010544,116.32563781738281,116.32563781738281,160.70012
ID24,1998-02-15,115.52669,118.014496,112.67475,112.71486,110.905876,112.32133,110.145294,110.47818,115.76593,157.32555,203.52892,125.92663263147874,114.47304191286491,133.36284224209214,123.34619987125899,130.81035399883254,119.5466718287098,114.51877653027579,113.08479781824916,112.71485900878906,112.71485900878906,118.70360469818115,112.84768390655518,116.09034852618939,121.1635943372258,112.71485900878906,112.71485900878906,144.38776
ID24,1998-02-22,110.00684,114.76166,113.03297,112.44009,107.083855,115.492096,108.20778,108.018326,113.44663,157.07394,117.34694,123.74437534835769,111.69059868704271,116.24650679091332,111.73888515517453,115.91942705903827,111.14066648199578,112.85346774494916,111.30190702892081,112.4400863647461,112.4400863647461,117.26240348815918,111.13045120239258,114.48842077330565,114.26437607411316,112.4400863647461,112.4400863647461,150.79366
ID24,1998-03-01,147.41188,137.98921,134.28305,129.4686,118.43743,123.63402,122.808846,121.56821,116.70413,141.81425,144.43027,137.56505518833464,133.8623557375218,134.61050866159752,134.30239274567154,134.47763359657677,137.44640828385002,131.66440922641277,130.35371938422918,129.46859741210938,129.46859741210938,131.9809112548828,129.4501552581787,132.86053394291656,133.3744753088675,129.46859741210938,129.46859741210938,138.54875
ID24,1998-03-08,137.90826,127.035995,127.5114,122.95857,116.3474,116.53456,116.18475,117.78838,113.4698,148.10225,148.9796,132.77805847476748,126.03487435026067,130.26422408305353,128.4917777899114,129.8971804136625,130.70934301763984,124.81475640990882,123.52178215559317,122.95857238769531,122.95857238769531,126.5728988647461,122.78366565704346,126.44098942978633,127.85367622457488,122.95857238769531,122.95857238769531,150.52438
ID24,1998-03-15,124.08745,118.61385,116.50851,115.04781,109.621506,112.18101,110.18118,109.85296,109.249146,147.47197,203.52892,125.5767173238341,116.82339728475279,133.63866000939257,126.1490228506486,131.54570071529375,124.02920321368555,116.4272054586392,115.0001762618955,115.04781341552734,115.04781341552734,119.21416091918945,114.51178455352783,117.87374364152541,122.79205065772337,115.04781341552734,115.04781341552734,127.53685
ID24,1998-03-22,121.65333,131.29315,121.35103,120.47676,112.119804,112.608665,114.45414,111.12971,109.67009,152.22586,117.34694,130.5821541733046,121.32423060166988,122.11420836805605,119.24715289277674,121.83543806452819,119.40426581061449,120.63335748151569,118.88230142044762,120.47676086425781,120.47676086425781,123.27284240722656,118.1358232498169,122.7015341813094,122.1850513605385,120.47676086425781,120.47676086425781,153.13208
ID25,1998-01-04,106.25923,109.446785,118.50246,116.02109,123.174095,125.921814,139.86359,126.455185,131.0606,126.637726,144.99171,119.60859148467168,124.16656458516528,123.12991756782642,114.11588456748086,122.66768915530919,114.88605624746961,118.63076267536157,122.46971650833241,116.02108764648438,116.02108764648438,120.72834777832031,124.09789752960204,118.52403332996226,122.39838021284729,116.02108764648438,116.02108764648438,115.68911
ID25,1998-01-11,104.77817,109.50782,115.21885,113.37195,105.77613,125.74668,120.20201,130.04747,117.38641,128.5474,128.01157,114.71438852851952,116.98790911883549,116.74738836842367,112.88043882063165,116.71568047640855,113.18354071973647,114.6733400367915,116.78081993151301,113.3719482421875,113.3719482421875,115.39362525939941,117.12802124023436,114.64575604279261,116.74408360005633,113.3719482421875,113.3719482421875,113.88743
ID25,1998-01-18,107.122765,114.73392,117.509346,112.89709,122.12518,137.47586,152.71637,122.4387,132.11023,131.0481,162.13835,124.32455876802229,129.94789729614,127.08774498570139,115.27718325828803,126.06550131903816,116.07773272575395,121.24322313376261,126.7297083036088,112.89708709716797,112.89708709716797,124.4535779953003,128.78452014923093,121.07220667578613,126.57470164049045,112.89708709716797,112.89708709716797,113.33508
ID25,1998-01-25,118.98273,119.50156,121.299095,118.64788,115.8105,139.26897,125.479454,140.47844,119.92188,125.98431,107.73277,123.8489061876342,119.10345046820237,118.04363591696989,120.462406630165,118.67937100029185,120.23967685053606,121.77337162242179,119.43034667568887,118.64788055419922,118.64788055419922,123.12181091308594,119.6937093734741,121.68166986807074,119.46935641637164,118.64788055419922,118.64788055419922,112.08575
ID25,1998-02-01,130.4629,131.31679,127.65264,125.9153,108.885,125.03456,137.7142,102.9319,134.63892,130.31602,144.99171,126.22145099235016,134.2919623450549,132.71095712323546,129.1811541830788,131.97578126746765,129.0779068813743,128.12593636390017,132.33911758117438,125.91529846191406,125.91529846191406,127.16217803955078,132.87606143951413,128.22246979683675,132.28792143287373,125.91529846191406,125.91529846191406,143.34561
ID25,1998-02-08,122.62937,122.338844,121.81168,117.068504,116.77384,126.712494,135.63908,114.759766,135.9288,133.80847,128.01157,124.99516313772546,128.8375017716555,125.37050509304271,122.90029796633745,124.925033347546,122.60545695847358,124.20205249266272,126.05944585475451,117.0685043334961,117.0685043334961,124.59778690338135,127.15454101562499,124.2013147571557,126.08260273662644,117.0685043334961,117.0685043334961,124.31615
ID25,1998-02-15,113.67134,120.488464,118.55001,114.1895,129.71373,140.70651,153.25104,135.60066,133.91614,134.15616,162.13835,129.16489850063994,133.20044302512918,129.37180629064213,119.07716421302462,128.19102336673097,119.67121933302772,124.81656345333043,129.42666755093646,114.18949890136719,114.18949890136719,128.0908441543579,131.29512500762937,124.63084575643609,129.2795933030664,114.18949890136719,114.18949890136719,119.345085
ID25,1998-02-22,119.01706,120.48043,121.22807,118.45835,129.16258,148.8106,154.39867,169.07022,125.91293,135.82196,107.73277,132.04833342138014,124.3589096657389,119.6379095276433,122.04512074008188,120.1791636999078,121.79635771654287,127.46695190177998,123.70129244546008,118.4583511352539,118.4583511352539,130.92221450805664,125.38128089904784,127.26417791099409,123.72164487278125,118.4583511352539,118.4583511352539,121.19937
ID25,1998-03-01,137.38489,132.59122,126.02656,125.9914,132.83516,127.438034,145.62341,145.31638,149.82448,128.26707,144.99171,132.93635686162222,139.2664801294566,135.22863219463818,130.64332701960498,134.01702335992087,130.59643707568785,131.51541177921865,134.85676744404958,125.99140167236328,125.99140167236328,132.01971817016602,136.33759307861325,131.49846229100024,134.8612277888904,125.99140167236328,125.99140167236328,138.66386
ID25,1998-03-08,125.650986,125.37005,124.193146,122.48012,145.97095,162.14369,162.44087,165.70305,155.81662,130.94354,128.01157,139.7406792934343,135.80319724112354,130.32033338290194,125.4416971647309,129.95222048076522,125.6858577947517,132.28188360924537,131.37986926926956,122.48011779785156,122.48011779785156,137.39916896820068,134.36336231231687,131.9477883326142,131.45040034595732,122.48011779785156,122.48011779785156,121.58075
ID25,1998-03-15,110.6775,123.7513,121.03548,119.1969,129.0365,140.09998,140.25037,153.34793,133.32637,129.14389,162.13835,127.12534033222965,131.26672064120766,130.66852750897033,119.75518537121476,129.5620648094301,120.5648397970199,124.03545517338726,128.7488990223444,119.1968994140625,119.1968994140625,126.64898777008057,129.9400186538696,123.87505812409941,128.62379204031848,119.1968994140625,119.1968994140625,106.20726
ID25,1998-03-22,118.00321,124.899155,123.019,121.20781,146.39723,148.98871,168.74014,180.30865,142.34097,131.85861,107.73277,136.39886459722797,128.83386665930917,123.55150715424703,123.04029588964715,123.70200121097696,122.95715480736226,130.71308185628982,126.75327582155705,121.20780944824219,121.20780944824219,135.38923358917236,129.725209236145,130.43324445085346,126.82606998905051,121.20780944824219,121.20780944824219,141.63599
ID26,1998-01-04,55.540356,56.844105,54.77172,53.95429,55.278248,56.024357,56.538933,60.12953,57.02642,59.37633,53.88322,56.15725803651816,55.926348448924706,55.52812170869136,56.411829341457256,55.41690650520553,57.045658857068624,56.158322595005274,56.03612119205027,53.954288482666016,59.3763313293457,56.04104232788086,55.86666393280029,56.147936534771084,55.995456597539906,53.954288482666016,59.3763313293457,54.49263
ID26,1998-01-11,53.720497,56.249775,55.557858,55.006275,57.76331,55.092354,56.036087,57.08401,58.012127,61.121666,55.753967,56.392265642068104,56.13805972983682,56.22683752131806,56.84760526833109,56.11254817851889,57.61047402046994,56.44352405308002,56.29321637295796,55.00627517700195,61.121665954589844,56.318477630615234,56.067309856414795,56.38111232899011,56.227028189205015,55.00627517700195,61.121665954589844,34.863945
ID26,1998-01-18,55.687904,57.923958,55.054745,55.553677,58.251686,58.9401,52.608253,63.014618,56.403202,60.519096,63.605442,56.845704657170046,57.67339563330385,57.75039386358191,58.324162628018115,57.43692870202242,58.45657375255787,56.99763764080289,57.44551834073325,55.55367660522461,60.51909637451172,56.81742763519287,57.48664712905884,56.815942667471596,57.35381195896852,55.55367660522461,60.51909637451172,40.022675
ID26,1998-01-25,50.26164,57.147797,54.516735,54.859867,55.953873,58.04996,53.250206,58.634357,53.805656,59.70478,57.511337,55.57493208037951,55.814822255198436,55.51407196473647,56.21139839688648,55.37881482641153,56.60396496600749,55.61949267355023,55.7494835493187,54.859867095947266,59.70478057861328,55.46810722351074,55.662790298461914,55.464337851924924,55.622597309784496,54.859867095947266,59.70478057861328,39.739227
ID26,1998-02-01,57.24739,57.3946,55.871544,55.37981,54.574326,56.30221,54.676857,57.942596,58.482124,60.247555,53.88322,56.481644252938025,56.32350039675532,56.4411500190761,57.14735650185367,56.358108723035414,57.95151600488148,56.826144372748416,56.747564501841694,55.37981033325195,60.247554779052734,56.46178674697876,56.37539863586426,56.73288028983747,56.61436429010654,55.37981033325195,60.247554779052734,43.86338
ID26,1998-02-08,55.62475,56.693455,55.61471,54.782795,56.560944,54.900978,53.920486,56.45342,58.86609,60.88702,55.753967,56.12795077997776,56.02236195902786,56.524535603382034,57.03602953707952,56.37823980425262,57.847044095822426,56.434415829438386,56.37004144408168,54.78279495239258,60.887020111083984,56.12314224243164,56.02227020263672,56.31480225029996,56.24523468444159,54.78279495239258,60.887020111083984,47.236393
ID26,1998-02-15,59.15549,56.73112,54.803665,54.831665,55.171944,55.116577,54.834816,59.216335,59.949345,61.315166,63.605442,56.51802654282626,57.71600177905932,58.174950729904026,58.133533579861506,57.76061013830969,58.840682449206135,56.877932843881524,57.546880765659004,54.8316650390625,61.31516647338867,56.49505567550659,57.54924297332764,56.79902733502939,57.549573397992475,54.8316650390625,61.31516647338867,41.893425
ID26,1998-02-22,59.080135,58.020508,53.37878,53.976532,54.478,53.122673,52.763885,55.33602,53.308544,60.757988,57.511337,55.67567227062836,56.08534776826432,55.75743579851762,57.384957977388744,55.446596545206134,58.3178948216122,56.24048179835755,56.46967278121227,53.976531982421875,60.75798797607422,55.69731283187866,56.0764799118042,56.0982775093145,56.34248495325645,53.976531982421875,60.75798797607422,44.401928
ID26,1998-03-01,55.99492,58.337112,54.778828,54.702114,48.623665,50.197094,47.048676,52.3824,53.08217,59.59517,53.88322,53.44407048493386,54.07285807860664,55.310692312619764,55.60539846975004,55.149838262394894,57.01743658072788,54.835413018808794,55.20145832049607,54.70211410522461,59.59516906738281,53.65969705581665,54.31714153289795,54.50894568768543,54.85586968949912,54.70211410522461,59.59516906738281,44.571995
ID26,1998-03-08,54.509583,57.881004,55.45952,54.05302,48.471092,51.070282,50.23158,53.399456,50.065823,60.509094,55.753967,53.92613793010915,54.833072313245545,55.149621741421456,55.655826015709096,55.09480610400372,57.13235655657188,55.04045060809484,55.56749973624545,54.05302047729492,60.50909423828125,54.023146629333496,54.93350601196289,54.80964750520701,55.33507348876958,54.05302047729492,60.50909423828125,46.442745
ID26,1998-03-15,56.526306,57.79232,55.625645,53.98501,49.753365,49.900513,46.741936,51.401398,52.02329,60.72024,63.605442,53.64933573632075,55.566931899886825,57.044877948406175,56.60791246657004,56.76803368661639,57.866429057917415,55.060665292444575,56.13452707338025,53.985008239746094,60.72024154663086,53.880666732788086,55.61217641830444,54.72554228654373,55.901114841448305,53.985008239746094,60.72024154663086,50.439342
ID26,1998-03-22,54.437374,57.78454,54.008575,54.69777,54.292797,53.039757,50.70142,54.92441,52.84141,60.09645,57.511337,54.81973433750296,55.27653374962071,55.58856592787687,56.447068568184285,55.344764624894125,57.2922680371144,55.47287376167489,55.722913665451806,54.69776916503906,60.09645080566406,54.88233518600464,55.28465270996094,55.248075095813796,55.52619548327583,54.69776916503906,60.09645080566406,48.809525
ID27,1998-01-04,100.581566,102.73813,111.78811,106.5917,97.58345,100.01232,106.15689,105.807465,106.41441,118.50809,117.95635,104.01489228147904,106.22595887145397,109.50428923861016,110.719565126072,109.67558989454047,108.66403118046846,107.30440610397181,108.40936740427036,106.5916976928711,111.7881088256836,105.49503135681152,107.77022552490233,106.39605444289185,108.16441608372129,106.5916976928711,111.7881088256836,96.4144
ID27,1998-01-11,99.442474,105.781746,113.65452,109.77617,100.399445,105.713974,110.53074,105.67526,105.77415,122.6596,129.3084,107.68789436176378,108.3843255288889,113.05021893745509,114.53179213697982,113.04754284390346,111.75654055559183,110.02119552592445,111.2907286023642,109.77616882324219,113.6545181274414,108.49483299255371,110.84956169128417,109.31479338319599,111.65698936773767,109.77616882324219,113.6545181274414,96.42857
ID27,1998-01-18,100.577545,110.32902,115.77688,112.241875,107.73491,110.121506,120.63649,117.374626,109.6638,124.700905,147.77495,113.06948446534412,113.38715537945734,118.89311306480201,118.86779045334299,118.40897031567106,114.9774764186851,113.05502674442636,115.41981335767204,112.24187469482422,115.7768783569336,112.76489067077637,116.09998512268065,112.4993501019553,116.12870201369053,112.24187469482422,115.7768783569336,100.368484
ID27,1998-01-25,105.82457,110.19322,115.93058,112.541824,109.446014,108.15645,114.6583,112.77094,109.64388,119.70638,104.63435,111.48882448828556,110.74362487501467,111.02233098982963,113.56670842900684,111.54109845613692,113.38630884324078,112.88067499616776,112.29180052515729,112.54182434082031,115.93058013916016,112.05716800689697,110.99010372161864,112.26697244952197,111.50170427908138,112.54182434082031,115.93058013916016,103.78401
ID27,1998-02-01,118.59929,112.50346,120.53761,117.991325,112.80151,114.475746,115.18365,118.04977,116.734055,121.75261,117.95635,115.55588884528815,116.42951051302049,117.62776800874856,118.39560565778815,118.01442656342223,118.33583483356978,117.71404583031823,117.8351852029284,117.99132537841797,120.53761291503906,116.73065090179443,117.35952758789061,117.29923992450544,117.63519386058088,117.99132537841797,120.53761291503906,115.67461
ID27,1998-02-08,110.44689,112.82385,117.75613,113.18763,108.247925,109.4554,113.43486,113.24706,109.57067,124.36014,129.3084,112.83046805928421,113.66488489189176,117.06885207671397,118.13408361049053,117.06141471853084,115.61361735262781,115.0203666889746,115.90429893790851,113.18762969970703,117.7561264038086,113.71410274505615,115.71270370483397,114.3795672955315,115.92531736900703,113.18762969970703,117.7561264038086,109.99149
ID27,1998-02-15,115.282425,119.17204,116.98946,113.95292,110.6149,110.73115,125.08458,120.66827,111.09945,126.72641,147.77495,117.41957627446988,117.59345015718188,122.18089078686002,121.61401036937204,121.40995925387176,117.22171691362166,117.12694880105391,119.17890263171728,113.95291900634766,116.98946380615234,117.31923580169678,120.20156955718993,116.58873296148138,119.69101874887274,113.95291900634766,116.98946380615234,116.340706
ID27,1998-02-22,113.141174,114.49022,117.26526,114.25137,109.90534,109.96577,118.14289,121.094215,111.96063,126.4961,104.63435,114.9395885243008,114.08115307671311,113.47323200888087,116.39666251014822,113.86776338855178,115.47547944434416,116.16155352048449,115.3420629253349,114.25137329101562,117.2652587890625,115.45726585388184,114.01805686950682,115.53384074070465,114.56598241978644,114.25137329101562,117.2652587890625,104.29422
ID27,1998-03-01,120.2323,118.33249,119.69932,117.96153,116.63916,116.558846,118.87633,120.33319,118.2324,119.63116,117.95635,118.06959916207683,118.34996781409927,118.71184169515118,118.82405690788752,118.80500332906837,118.60906415242901,118.70740783767484,118.7373090144038,117.96153259277344,119.6993179321289,118.4913911819458,118.58558845520018,118.52422245237089,118.5767787902673,117.96153259277344,119.6993179321289,125.651924
ID27,1998-03-08,114.25042,119.14056,117.72276,113.8207,112.76989,114.440346,115.89816,113.56902,113.664856,122.32159,129.3084,116.22137831704941,116.82050489597144,119.05492428456665,119.05807697165936,118.77625273636696,116.52455063121286,116.88297925556422,117.64143770264855,113.8207015991211,117.72276306152344,116.29555320739746,117.8748960494995,116.65621376966008,117.95813687593788,113.8207015991211,117.72276306152344,115.47619
ID27,1998-03-15,116.72418,115.74209,116.64772,113.487915,112.07709,112.88244,113.51995,112.863625,112.34562,122.553734,147.77495,115.06668987441795,117.20129285736192,121.46908288785362,120.01401817795224,120.826191192469,116.3160230604638,116.15049546265446,118.27872914857386,113.4879150390625,116.64772033691406,115.45438957214355,119.66916179656981,115.86755350292722,119.04055219836086,113.4879150390625,116.64772033691406,116.0856
ID27,1998-03-22,115.62326,118.246994,117.494545,115.30791,113.87423,114.84685,120.80281,118.85749,113.66733,124.20695,104.63435,117.7452311893106,115.85161033709701,114.63938637585439,116.98797874417798,114.935410078643,116.37849468238065,117.55028938225104,116.45776896550593,115.30790710449219,117.49454498291016,117.55044269561768,115.38194561004637,117.30155461942681,115.99923580037719,115.30790710449219,117.49454498291016,103.146255
ID28,1998-01-04,153.984,158.98009,157.35931,143.82494,148.40004,153.13739,147.70393,151.58324,148.73341,185.55437,176.4881,151.62498840566036,151.45462079316218,159.46495829980387,154.04164240115415,159.03435243863166,153.65078244615552,155.92268737331207,155.4285800390341,143.82493591308594,157.35931396484375,156.1180076599121,155.92373847961426,155.6505629328498,155.16327389299718,143.82493591308594,158.98008728027344,146.47108
ID28,1998-01-11,152.87811,149.2916,156.22688,146.51926,146.67722,158.87091,150.93515,152.96034,147.85498,189.8114,185.67177,150.93050063246432,150.45211733014702,159.4345010614636,153.41197046231244,159.15092484571468,153.15186967223008,155.58013900635225,155.28183841263515,146.51925659179688,156.2268829345703,156.4013156890869,155.66249465942383,154.75744926668008,154.54214554509426,146.51925659179688,149.29159545898438,147.56236
ID28,1998-01-18,153.63301,158.23662,165.59444,151.73254,156.03021,163.74678,153.11365,156.71602,154.18195,193.62753,249.34807,158.2520749339481,157.3770001201279,176.98777553897335,159.01595198288507,175.52205725286373,158.83566769682005,161.3249474045804,160.800156214162,151.7325439453125,165.5944366455078,161.96434783935547,161.08550262451172,160.5197815953755,160.0640689547495,151.7325439453125,158.2366180419922,163.87471
ID28,1998-01-25,157.54265,170.46516,168.74815,158.4179,160.5111,165.71964,159.48114,161.2248,155.829,188.0717,163.5771,163.9175584588492,163.22559343936376,165.2066680091708,164.26942588660503,165.46230120558835,164.08393978022266,165.90220289627166,165.3696141050051,158.4178924560547,168.74815368652344,166.11967849731445,165.55782318115234,165.5955552196648,165.07191274455693,158.4178924560547,170.4651641845703,180.5839
ID28,1998-02-01,178.86267,174.92477,178.45567,170.192,158.52603,173.94481,169.12335,176.13248,163.78395,189.97995,176.4881,170.57640710812234,171.24205981904984,174.75360116378488,174.61882227207258,175.19122620906197,174.61716011021792,174.27550693289044,174.48694900287379,170.19200134277344,178.45567321777344,174.25115776062012,174.52461624145508,174.24339667102015,174.46971931924412,170.19200134277344,174.92477416992188,185.78514
ID28,1998-02-08,164.4835,159.26509,167.62747,156.66576,151.18773,163.41806,160.53793,166.44818,152.57785,193.2865,185.67177,159.38616090723073,160.259066711249,166.86961999274118,163.5936836040579,167.00183987953878,163.41905605191974,164.4949866737926,164.71738526488596,156.66575622558594,167.62747192382812,164.5590057373047,164.93777084350586,163.87955880515497,164.18729451257218,156.66575622558594,159.2650909423828,181.59013
ID28,1998-02-15,169.82242,167.1649,164.60017,154.05022,155.86787,163.06395,159.64742,157.48895,154.31213,198.41557,249.34807,160.416487256823,159.59017667524733,179.8416351429079,163.6952611986283,177.90933321699572,163.25654392475371,166.30911321893115,165.30481420608714,154.0502166748047,164.6001739501953,166.57906532287598,165.8821907043457,166.06850878001785,165.0406286862495,154.0502166748047,167.16490173339844,170.63492
ID28,1998-02-22,159.66525,164.90936,168.40005,155.72002,153.25299,162.24881,152.42155,156.65474,152.6142,199.50542,163.5771,159.93357340015962,159.07799886100094,163.9733983987947,162.07579936162335,164.41085599932066,161.97832717788978,164.39328615314514,163.51214404549376,155.7200164794922,168.40005493164062,164.5154323577881,163.8161735534668,163.7999939770283,162.94395144491565,155.7200164794922,164.90936279296875,161.26701
ID28,1998-03-01,188.29022,171.62971,181.55928,170.5122,166.90207,169.21722,170.78578,174.36777,166.33307,186.65471,176.4881,172.37316624976842,173.08156307421328,175.70274514665067,176.31199650262127,176.41474716631248,176.2978930282996,176.47228798639125,176.23265878757775,170.51220703125,181.5592803955078,175.69390106201172,176.33771896362305,176.45679208636096,176.20651492487465,170.51220703125,171.6297149658203,197.3356
ID28,1998-03-08,173.6446,164.62323,171.57202,161.1465,162.68921,160.44727,164.9906,167.43144,159.24942,192.61722,185.67177,164.64674645900934,165.6135352159564,170.89509334886705,168.41453475172472,170.93039243128203,168.19040647180572,169.7735054864123,169.5068287333493,161.14649963378906,171.572021484375,168.9663314819336,169.83935356140137,169.35266616944867,169.12249251262455,161.14649963378906,164.62322998046875,163.71883
ID28,1998-03-15,158.65634,159.31252,166.96724,157.83884,155.62497,156.6793,156.5114,157.68433,152.31267,189.62901,249.34807,159.3483814778877,159.32755801205573,178.03764229733937,161.36644609720295,176.58307833595268,161.35812966601733,163.30038942553017,162.66092184110886,157.83883666992188,166.9672393798828,162.65245246887207,162.77807998657227,162.60813891641413,162.0182378747959,157.83883666992188,159.31251525878906,177.18254
ID28,1998-03-22,156.31667,174.56007,171.36244,160.67046,159.04279,158.25713,159.95857,157.1911,154.93248,194.10367,163.5771,164.39906693108685,163.72607425047636,166.97798526503556,165.2716277330873,167.16855240658958,165.1647318783237,167.77859429892908,166.57305967232458,160.6704559326172,171.36244201660156,166.78397369384766,166.65072059631348,167.4280528180538,166.201607213805,160.6704559326172,174.56007385253906,156.60759
ID29,1998-01-04,95.536285,104.11989,109.81157,104.94071,112.81622,117.02909,126.44716,131.23625,137.76892,124.37375,143.12642,112.2175455408538,114.31781669310118,118.67528627735122,121.76411622304548,117.55956481147356,118.60002805358423,111.15960530013093,116.40453428270214,104.94071197509766,109.81156921386719,111.88433456420898,117.44900417327881,111.13832880302402,116.45641114562154,104.94071197509766,109.81156921386719,79.54932
ID29,1998-01-11,96.34817,102.7968,112.789,107.4231,113.88378,113.82491,130.39633,126.71134,125.54632,128.46233,127.49433,113.25912691622784,115.3543672321467,114.91109676039723,119.76914449610021,114.64708483981633,117.42090949041463,112.88346976101757,115.77437495776411,107.42310333251953,112.78900146484375,113.24055290222168,116.55267524719238,112.89734135677837,115.79678707858778,107.42310333251953,112.78900146484375,102.990364
ID29,1998-01-18,98.751884,105.225136,114.940895,108.78441,122.68223,143.95631,136.89499,126.59511,122.750786,130.36316,165.4195,122.01992563408136,117.68820416803399,122.83401650367159,131.7694901117526,122.21659074770103,127.5952071819188,117.78923976947488,122.59297584667634,108.78440856933594,114.9408950805664,120.19987678527832,123.3718843460083,117.63243708462305,122.72425344866562,108.78440856933594,114.9408950805664,103.21712
ID29,1998-01-25,103.346115,108.680016,112.9651,109.47739,124.540115,132.7962,132.72276,132.02397,134.97041,122.67705,103.62812,119.75023239174075,118.0149297501671,113.46524701435467,112.5844414667888,113.58451670268119,112.27494477401294,116.45655198747596,114.77962641205878,109.47738647460938,112.96510314941406,118.4005937576294,115.69006538391113,116.32770760457534,114.69597759326848,109.47738647460938,112.96510314941406,102.67857
ID29,1998-02-01,122.27503,111.02794,120.486984,117.96243,124.23323,111.268585,131.28845,125.62457,137.2509,127.32959,143.12642,119.99683803662457,122.1755475004659,125.70414300589125,128.26021962773387,125.04687454916385,126.1358075061945,121.02431267719905,124.56246517463815,117.96243286132812,120.48698425292969,120.73403072357178,124.8901777267456,121.05412669261618,124.60434709571143,117.96243286132812,120.48698425292969,112.3441
ID29,1998-02-08,108.38188,103.83808,118.32854,112.63032,118.40382,120.94533,123.59892,121.22172,126.74572,132.9067,127.49433,117.36530956720881,117.0256604024931,118.18134945484441,123.02643366409336,118.34725495163238,121.22458732480726,116.9399935382376,118.2926474533266,112.63031768798828,118.32853698730469,117.3791971206665,118.5500602722168,116.93291020868539,118.33161779619654,112.63031768798828,118.32853698730469,111.12528
ID29,1998-02-15,106.04442,103.27115,112.024315,110.10184,120.28725,121.721664,129.13628,116.2987,130.13876,133.54713,165.4195,117.02902467333233,115.2224892905341,123.65021527874474,131.78603816473236,122.40896487651024,127.40037134693401,116.16073203822818,121.69845272611839,110.10183715820312,112.0243148803711,117.01675510406494,121.98041534423828,116.12268746328644,121.85813649981088,110.10183715820312,112.0243148803711,128.0754
ID29,1998-02-22,106.98105,104.14911,112.16119,108.33222,129.94676,133.38756,134.48059,128.05176,130.71953,133.84692,103.62812,121.26821766412371,118.06207718411639,112.40343435455287,114.76904397728991,112.69919482494902,113.86243635471757,118.28996119623224,115.75761175500551,108.33222198486328,112.16118621826172,120.41067504882812,116.45386981964111,118.15216014849622,115.68719744155743,108.33222198486328,112.16118621826172,110.445015
ID29,1998-03-01,128.20697,110.77155,118.61058,117.17804,121.60083,125.92892,120.02201,121.617615,145.30777,124.26699,143.12642,120.79231060155924,119.6130600026588,126.5434798634749,126.55971613899843,125.77555173715439,124.868869976206,120.33953330157655,122.8612735734914,117.17803955078125,118.61058044433594,120.8232364654541,122.975022315979,120.28471717018371,122.91086603244646,117.17803955078125,118.61058044433594,111.111115
ID29,1998-03-08,119.82289,111.578995,119.970055,116.521706,121.6349,133.27571,121.22154,137.54065,141.36058,129.73863,127.49433,122.1627573518438,122.40248961592248,123.25936129374624,123.57813608538422,123.08610570161761,122.55569721072798,120.80519256685047,122.28399696755437,116.5217056274414,119.97005462646484,121.72055435180664,122.98610019683838,120.73466306881136,122.25685828346354,116.5217056274414,119.97005462646484,97.945015
ID29,1998-03-15,112.259026,112.85633,116.90581,114.87537,116.38084,134.64925,119.800964,122.84143,130.44615,129.2845,165.4195,120.24390924270918,118.13178636165992,127.36887710697086,132.66179565546935,126.29938242651254,129.32958738058147,118.69325556506396,124.0015727132036,114.8753662109375,116.90580749511719,119.62650966644287,124.28036499023438,118.62914556681753,124.14434483134619,114.8753662109375,116.90580749511719,135.06236
ID29,1998-03-22,110.42138,111.642654,116.68232,113.65492,141.85432,148.85751,137.23453,141.08502,131.43076,130.00311,103.62812,128.41700486654798,123.44729505133394,115.64386610309944,116.25671423296693,116.1843858287776,116.17969009379027,122.92264784472981,119.48327702899117,113.65492248535156,116.68231964111328,126.29384422302246,120.54400730133057,122.68373000132269,119.36907453612066,113.65492248535156,116.68231964111328,106.98696
ID3,1998-01-04,157.11513,155.10239,155.47624,151.24213,140.44676,139.05255,138.74037,139.74532,150.55396,140.0659,165.07936,150.1951791928165,157.48935384747145,155.18809195175422,149.32504725620936,154.96102688994398,150.07461757247034,151.0716120413384,152.6179965915865,151.24212646484375,151.24212646484375,147.15518379211426,151.7109565734863,150.17100655067148,152.26372631370793,151.24212646484375,140.06590270996094,127.55102
ID3,1998-01-11,161.38693,158.25821,159.97952,155.06581,142.81403,145.28523,157.35321,147.29639,132.31697,145.96506,179.12415,157.11867932236473,165.43186582061247,157.59597623115386,153.96969864692454,157.72981298741354,154.70073161561598,155.6466618292069,156.8236639784582,155.06581115722656,155.06581115722656,153.26350021362305,154.67273521423337,154.89980718195227,156.8687279930136,155.06581115722656,145.96505737304688,121.68367
ID3,1998-01-18,153.56412,144.13,149.75212,142.29773,147.78877,145.74857,157.74426,150.72676,153.70926,141.05728,140.53288,148.96247545243799,144.52436445114037,146.50560551587876,145.59026765178913,146.86545075872655,144.93259778684853,146.16914143784808,145.8762357280971,142.2977294921875,142.2977294921875,147.76035690307617,146.3489952087402,146.17813130704934,145.64661948527578,142.2977294921875,141.05728149414062,139.86678
ID3,1998-01-25,173.61238,154.48811,157.27078,150.8342,149.95879,145.69882,147.88676,161.1966,157.19131,137.61913,118.97676,154.92521803669226,142.39981146949853,148.8095052972114,152.95621646439264,149.7617401916158,149.76986397327852,154.04711959000784,150.62698776864795,150.83419799804688,150.83419799804688,152.17112159729004,149.46143722534177,153.32533148247268,149.63275514933957,150.83419799804688,137.61912536621094,162.8118
ID3,1998-02-01,180.62839,168.42383,164.63277,159.78374,144.38574,146.51418,140.54079,149.18356,153.50412,143.02284,165.07936,159.9084445738748,164.69841786457425,162.85514114481958,161.23574568810506,162.82333792814444,159.61427870284257,162.05648811796263,162.1181063890895,159.7837371826172,159.7837371826172,155.99153327941895,160.19865226745603,160.6786683107211,161.45147663816618,159.7837371826172,143.02284240722656,139.81009
ID3,1998-02-08,184.48688,163.43962,169.96835,160.1878,145.02258,149.3033,152.19562,153.77034,134.96056,145.20468,179.12415,163.93092441739017,171.413520513049,163.29027943822595,161.89693073313484,163.99769692071771,160.9875929192049,163.66547744936335,163.8464516728311,160.18780517578125,160.18780517578125,158.72610473632812,160.83441734313962,162.4120511140463,163.5735396590993,160.18780517578125,145.20468139648438,163.60544
ID3,1998-02-15,167.71245,155.8565,152.47421,147.22714,143.23503,141.02333,160.97314,152.28067,129.90363,143.73936,140.53288,154.08312369620222,148.01964813238348,147.1099586243071,154.17478300834603,147.66749029056805,150.72483858789604,152.71521067716964,150.14925825716378,147.22714233398438,147.22714233398438,151.53014755249023,147.3086891174316,152.07203108784097,149.73433932968018,147.22714233398438,143.73936462402344,158.6593
ID3,1998-02-22,175.17192,161.38135,156.43422,149.78453,143.48024,137.73166,148.53448,148.2299,124.01187,139.39098,118.97676,154.6694990099401,142.1319465212807,144.70132298919353,156.08375607269042,145.94910805107764,150.65065477786237,155.23399776367597,149.8568864157366,149.78453063964844,149.78453063964844,151.48867225646973,145.3604106903076,154.10152370296768,148.91802881087744,149.78453063964844,139.39097595214844,147.9025
ID3,1998-03-01,200.58835,186.4197,163.22968,159.4213,145.51062,146.85316,145.56317,160.29636,139.2892,141.19696,165.07936,164.33369902236646,167.38046600183895,164.5689113095425,171.34798907196526,164.0529097855733,165.30571911254432,168.1580209250837,166.5084250763005,159.42129516601562,159.42129516601562,161.0978660583496,162.75971221923825,166.33197467819394,165.6394655693631,159.42129516601562,141.19696044921875,190.27777
ID3,1998-03-08,195.14734,174.95987,166.32953,156.70056,144.66167,133.1279,145.31198,149.6272,151.34784,145.20967,179.12415,161.92356345874035,170.85904021903266,167.28009242625328,168.22904808875262,166.68572952795625,164.54853625300163,165.52599594161813,166.37396149964405,156.7005615234375,156.7005615234375,157.6810646057129,162.74335670471189,163.58145225403993,165.4395536246043,156.7005615234375,145.2096710205078,157.39796
ID3,1998-03-15,166.81691,162.0521,162.0695,151.7552,150.27065,146.03995,154.25066,150.5834,136.0354,142.59712,140.53288,157.16929910843552,151.33983413949989,152.0139943608932,155.18450089908168,153.0045948475701,152.6115405733747,156.3569577001636,153.6441919194021,151.7552032470703,151.7552032470703,154.48151016235352,150.98738288879392,155.6169221955451,153.08936943449973,151.7552032470703,142.5971221923828,160.88435
ID3,1998-03-22,181.69667,163.53654,157.55037,150.33931,148.21303,138.804,146.72295,147.99963,146.5114,140.06882,118.97676,155.90184679522548,143.32552888751096,149.38417356357644,158.8887071312997,150.1448836580273,153.16046669691025,157.2668475499994,152.80995914090084,150.3393096923828,150.3393096923828,153.3664608001709,149.6854839324951,156.09975606201738,151.616879789236,150.3393096923828,140.06881713867188,176.55896
ID30,1998-01-04,117.29149,117.19948,119.76232,120.97985,122.505806,119.49272,118.77937,124.57668,122.65165,118.743675,119.23186,118.92135538868524,119.12240477930709,119.60258699789915,121.01793891253607,119.64655316953923,120.77598732722764,119.20351019254399,119.34459079583792,120.97985076904297,120.97985076904297,119.34433937072754,119.36256980895996,119.15484837774866,119.44341011639963,120.97985076904297,120.97985076904297,110.43084
ID30,1998-01-11,111.230286,119.376,125.63917,124.56302,121.78513,118.60817,119.29483,125.922195,119.065605,122.03002,118.40987,119.75996902098676,119.63650616391874,120.9948910741994,122.91530581705072,121.47750592647651,123.80806406961483,120.24028885905796,120.01376611859452,124.56301879882812,124.56301879882812,120.31582832336426,119.97588729858398,120.76232858500946,120.49583483287368,124.56301879882812,124.56301879882812,103.40136
ID30,1998-01-18,120.11648,118.257835,123.62307,122.972916,127.690735,125.00779,124.94299,125.15514,122.53485,120.70422,132.894,121.76237104972269,121.63827562242486,123.74528621060061,123.50451101432408,123.80024990699049,123.28062560223131,122.4455085483285,122.10427624638699,122.97291564941406,122.97291564941406,122.91450500488281,122.27001953125,121.80079961734337,122.02954531823598,122.97291564941406,122.97291564941406,111.22449
ID30,1998-01-25,115.24497,121.4006,124.01883,124.042,125.70215,120.616745,121.34103,123.675644,124.065384,119.453224,110.61508,120.42371596574624,120.563133484367,120.34970503115471,123.48149978607125,120.73104865014378,123.71768434730379,121.26347605366783,121.26078812190563,124.04199981689453,124.04199981689453,121.47744274139404,121.27284717559814,121.06556793864497,120.98986958243474,124.04199981689453,124.04199981689453,119.35941
ID30,1998-02-01,114.36427,121.88943,125.59098,127.371155,124.697136,119.025536,122.04148,124.92037,130.53836,120.94879,119.23186,121.0922192354916,121.77619539085683,123.86287906604832,125.80353122140801,123.96772045514743,126.27953247005007,121.9865814492116,122.7027451976398,127.37115478515625,127.37115478515625,121.99109745025635,122.72125053405762,122.20121602100141,122.93963293482167,127.37115478515625,127.37115478515625,121.61281
ID30,1998-02-08,114.32845,115.37538,125.87156,124.15911,123.15472,120.14785,114.39477,114.937416,130.55832,122.2266,118.40987,120.18534937810107,120.96804843439492,122.25861017078061,123.20888484476271,122.6829970277677,123.96760202991096,120.10348710734905,120.99656807089438,124.15911102294922,124.15911102294922,119.95730495452881,120.88275527954102,120.93467210151076,121.82725480119552,124.15911102294922,124.15911102294922,124.06463
ID30,1998-02-15,121.63492,117.32463,121.17528,122.79119,122.78217,121.38701,121.57941,124.867744,124.27104,122.656944,132.894,121.43497622225534,121.63186561116046,123.40858691677839,122.56600883492044,123.21323379152747,122.39651314579383,121.33990877326691,121.55106970162232,122.79119110107422,122.79119110107422,121.41644382476807,121.60255241394043,121.51657898394683,122.07895506819864,122.79119110107422,122.79119110107422,119.9263
ID30,1998-02-22,115.77013,119.31758,121.47116,121.83164,123.69867,118.28101,121.16093,120.27177,120.932976,122.136406,110.61508,119.83161583182834,119.801217130645,118.74744320746633,121.5156418008357,119.04573752238088,121.59803179085645,120.10554390346138,119.95219146004746,121.8316421508789,121.8316421508789,120.45844078063965,120.1127290725708,120.25816033315391,119.98822161536405,121.8316421508789,121.8316421508789,99.67732
ID30,1998-03-01,123.453224,119.9407,123.45404,123.68868,119.39913,115.53421,116.39785,120.79808,122.562294,119.376396,119.23186,121.05395982081382,121.23445276748195,121.70436697460002,121.64322608347143,121.87306219458912,122.58600892732818,120.94672824661265,121.21969707245114,123.68868255615234,123.68868255615234,120.1555290222168,120.55092430114746,121.65864854623742,121.74451556784855,123.68868255615234,123.68868255615234,133.95691
ID30,1998-03-08,116.154305,116.39507,121.301346,120.1959,120.0941,112.895706,115.4214,118.04274,122.7497,121.544464,118.40987,118.367692605629,118.68325603118956,119.68321558494648,120.19441301920457,119.8033067584918,120.37803004442193,118.11139317146389,118.46556466742244,120.1958999633789,120.1958999633789,118.00028705596924,118.33223724365234,118.98045173330831,119.33521482027788,120.1958999633789,120.1958999633789,118.89172
ID30,1998-03-15,111.05239,112.03661,119.3189,117.856255,120.296074,113.71952,112.26164,110.75549,124.61988,120.43474,132.894,115.95873638394542,116.5528933944213,120.73212233852962,118.31629058276977,120.5156559083056,118.3679155668244,115.65359252372079,116.2841151114749,117.85625457763672,117.85625457763672,115.87201690673828,116.4124927520752,116.46830805591912,117.67122756341334,117.85625457763672,117.85625457763672,115.1644
ID30,1998-03-22,110.63391,112.036285,119.04063,118.082146,125.25393,120.37907,120.56419,117.360176,125.34327,120.15522,110.61508,116.79241544095257,117.24544712394206,116.6607314009995,120.2160159010648,117.00322732626289,119.32671814773991,117.27487922022627,117.58815807158771,118.08214569091797,118.08214569091797,118.26817226409912,118.27933979034424,116.90835003584037,117.42540339607154,118.08214569091797,118.08214569091797,122.30726
ID31,1998-01-04,137.68832,143.45078,145.7413,128.30315,143.29967,149.19305,144.0514,140.58667,145.96652,152.39229,151.62982,142.92581515049113,141.9627876088229,144.23588738175812,143.2519522764242,144.26888491758936,143.7828745819992,142.77436029164144,142.82164984150018,128.3031463623047,152.3922882080078,143.01499557495117,142.98046684265137,142.84012136517944,142.80277845517944,128.3031463623047,144.05140686035156,133.305
ID31,1998-01-11,135.69688,139.04185,146.53337,132.93518,137.26645,137.55518,142.4302,137.61371,142.11888,156.18265,144.36752,139.08114819149844,140.20365986641397,142.31367832129374,142.42916864084316,142.65026001192646,144.09208673274264,141.37367952144916,141.9165731491689,132.9351806640625,156.18264770507812,140.95522117614746,141.85017204284668,141.38978164054993,141.8901892820578,132.9351806640625,142.43020629882812,117.53118
ID31,1998-01-18,125.72628,138.12979,145.94745,132.8262,138.24635,140.60759,147.72525,138.74826,149.2829,155.54935,188.69048,140.53421435343438,146.75459113694816,150.69696676439932,142.65187448952844,149.88640127536723,144.13969433692517,140.8334030497161,145.85317638734693,132.82620239257812,155.54934692382812,140.59478282928467,146.6678819656372,141.03107120916235,145.78747273702174,132.82620239257812,147.72525024414062,127.7636
ID31,1998-01-25,130.20682,149.48428,149.44766,138.15477,139.5549,141.78828,153.21536,148.1893,143.23476,153.80765,139.62585,143.9979374585153,146.2889152227793,144.45837708713984,145.56068207590675,144.74076092192175,146.52701995184674,144.88394318288368,145.402908374468,138.15476989746094,153.80764770507812,144.45746612548828,145.2664623260498,145.04245400893421,145.63110206504427,138.15476989746094,153.21536254882812,136.45125
ID31,1998-02-01,136.6205,144.28394,151.22375,143.7454,137.03473,144.54112,143.12286,147.10704,138.84323,154.60646,151.62982,142.4106325788993,145.8834956692836,146.5271577612528,146.46638818028453,146.99135005738356,147.7962269725719,144.87117699681977,146.4674971679141,143.7454071044922,154.60646057128906,144.39734649658203,146.54247283935547,144.81226079729035,146.41910027459292,143.7454071044922,143.12286376953125,146.0034
ID31,1998-02-08,133.87953,138.21281,149.61104,138.60597,137.11795,146.61862,141.4737,144.79826,143.13895,157.80371,144.36752,141.35748540190312,142.7285515323653,143.74221059384453,145.69811548615053,144.42125586152704,147.31044334514672,143.20062640430595,143.6545366856409,138.60597229003906,157.8037109375,142.9154167175293,143.59406852722168,143.1982287462893,143.66933828625702,138.60597229003906,141.47369384765625,126.37472
ID31,1998-02-15,136.79199,147.36508,145.97835,135.28685,141.08426,149.24605,150.12907,148.9325,148.84741,158.0504,188.69048,144.7090441067861,151.4130999450848,153.38351977006997,146.5085293878267,152.31646917033657,147.52122859286817,145.63874184504942,150.571575066116,135.28684997558594,158.05039978027344,145.4915065765381,151.40308952331543,145.75422187080557,150.50820689276642,135.28684997558594,150.1290740966797,106.78855
ID31,1998-02-22,137.68759,153.8315,149.47586,137.81268,142.18196,150.93092,159.74663,155.0585,155.91003,159.35162,139.62585,148.5799960541999,150.4819514456526,147.9274405965732,149.58465404873462,147.85713808931044,150.29720402360647,149.20821923756392,149.2505898803538,137.81268310546875,159.35162353515625,148.87734603881836,149.07378005981445,149.43387004210112,149.58576570021862,137.81268310546875,159.7466278076172,130.78232
ID31,1998-03-01,156.03737,149.64212,153.0368,147.0784,144.8079,145.58621,154.64005,151.1254,145.28749,153.50127,151.62982,149.32459228020033,152.17385550770717,150.40469214620828,150.6395412740178,150.66958884731625,150.9182241436106,151.07022668988037,152.1163962144603,147.07839965820312,153.5012664794922,150.5412654876709,152.0864028930664,151.10125895968528,152.1657997165207,147.07839965820312,154.64004516601562,154.93198
ID31,1998-03-08,146.19754,140.94373,150.73326,140.65112,145.00113,142.84976,147.10222,141.54839,146.23383,157.64403,144.36752,145.20749534543475,144.70263002917892,145.93498673883195,147.58970041605443,146.47443307509633,148.796156495729,146.68030883411825,146.32166156369624,140.651123046875,157.64402770996094,146.39034843444824,146.14847564697266,146.70225334169626,146.30693183189808,140.651123046875,147.1022186279297,144.7704
ID31,1998-03-15,133.9786,135.6562,150.31056,138.97278,140.60172,141.5584,144.42754,138.3277,145.99492,154.7745,188.69048,142.06067618590842,147.4639672174726,151.95462763354044,144.86596768332245,151.65606538297249,146.2581510467633,142.7935370276891,147.39356295298697,138.9727783203125,154.77450561523438,142.53503799438477,148.14229583740234,142.8748506916169,147.2022333827786,138.9727783203125,144.4275360107422,138.0669
ID31,1998-03-22,135.54956,145.10042,150.26755,139.14043,149.4046,148.00014,159.693,151.76477,147.73494,155.91785,139.62585,149.71396336756789,149.43837526330668,145.08531636204435,149.1865489785516,145.5751966992409,149.59726970796297,147.86969516314383,147.3244130875874,139.1404266357422,155.9178466796875,147.88419151306152,147.13242721557617,148.19745203578802,147.7145247886642,139.1404266357422,159.6929931640625,162.84013
ID32,1998-01-04,156.33838,150.07635,144.9224,132.05037,135.12451,141.42352,142.15196,138.98065,142.67732,167.7833,150.21259,146.31566140289664,140.4589602970374,146.76464045919144,147.3618733960368,146.40365861128515,147.61705071326895,145.45054755676284,145.18840162139287,132.0503692626953,142.15196228027344,146.23384857177734,144.08116149902344,144.07401994984212,143.48201623100738,132.0503692626953,142.15196228027344,116.86508
ID32,1998-01-11,123.01628,139.59914,145.03296,134.31256,138.2531,141.32573,142.28662,137.04832,136.86131,172.36597,178.50056,135.69340337591353,142.65142624898428,147.80426344879828,155.6124773153105,147.30601968514225,157.65312847989637,146.1796473266998,149.03247694639512,134.31256103515625,142.28662109375,142.02404403686523,148.64072799682617,145.28165283938017,143.98670638212235,134.31256103515625,142.28662109375,106.4517
ID32,1998-01-18,137.22417,146.13052,139.34541,129.5368,139.41122,138.9964,137.48228,135.31468,132.93518,173.67645,210.88435,139.52155043492553,142.53932294824023,153.24831576693236,162.51469988669382,151.37356077723473,166.8332105237604,144.33380716595366,149.84990839352912,129.53680419921875,137.48228454589844,142.72540855407715,150.58095169067383,142.87686444340594,141.32975659416508,129.53680419921875,137.48228454589844,125.14172
ID32,1998-01-25,140.52534,140.2613,138.49358,131.17072,138.86494,137.2633,142.41573,141.24522,131.52896,169.07092,153.54309,139.24281908760815,139.87177358014733,141.30811484072305,145.8013665548705,140.93451457135745,146.5306322214328,144.2015270990797,144.9316319490646,131.17071533203125,142.4157257080078,142.2582302093506,144.00843811035156,142.91446675555196,141.73766597851267,131.17071533203125,142.4157257080078,172.0238
ID32,1998-02-01,143.5854,144.88013,147.76663,135.0848,128.6461,134.54561,150.09679,136.64226,144.22636,171.02037,150.21259,140.30996448707685,138.03410974597963,146.56897960215184,149.06017897771162,146.4854891080763,149.02052382737781,145.81304562185034,145.66420277179986,135.0847930908203,150.09678649902344,144.45322799682617,144.25189208984375,144.67030827345266,144.06437668725349,135.0847930908203,150.09678649902344,139.46996
ID32,1998-02-08,138.35226,136.14297,145.71446,130.90361,122.810715,126.57988,138.57567,138.42139,134.55518,173.02933,178.50056,134.79405635158227,136.61590947826966,147.45054449597123,154.07427966673555,147.01891799499234,156.3345969034464,140.71196452884405,143.9867841823636,130.9036102294922,138.57566833496094,139.01361274719238,144.31695175170898,138.73711928462365,138.35299930529828,130.9036102294922,138.57566833496094,119.628685
ID32,1998-02-15,135.71574,140.79378,140.85245,127.79884,137.72783,136.33568,141.61353,134.39218,135.20407,174.97823,210.88435,137.99676576962207,141.91181918859286,152.7650247884655,163.23428526526183,151.1363616806885,167.44767748675577,144.61135893088692,150.0685491332684,127.79884338378906,141.613525390625,141.97700881958008,150.57288551330566,143.09567884264547,141.7621074852233,127.79884338378906,141.613525390625,136.23866
ID32,1998-02-22,146.18571,127.37581,138.23384,127.74838,134.5095,132.47456,140.09834,137.61598,132.71742,176.8327,153.54309,137.52039422990725,137.02326332562475,139.3578676806288,146.03890025406582,139.3664250310811,146.68046826107448,143.44673114415824,143.9005534714719,127.74838256835938,140.0983428955078,140.43235778808594,142.6320514678955,141.16412308560425,140.3301742238978,127.74838256835938,140.0983428955078,131.0941
ID32,1998-03-01,164.99762,138.58076,143.5026,136.48367,132.20238,122.7582,148.11374,140.658,142.25224,169.03294,150.21259,144.363271306315,137.1081845225248,145.30754252293912,147.25281741419286,145.0351045658112,147.34610212462636,143.71042001021237,143.57063371928837,136.48367309570312,148.11373901367188,144.45898914337158,142.87051486968994,141.37357552333785,141.45629167601643,136.48367309570312,148.11373901367188,146.30103
ID32,1998-03-08,147.48303,132.03828,138.83147,129.83253,130.49902,129.29457,145.94969,140.42813,141.05714,171.2611,178.50056,137.5112672321718,137.80053934910276,146.31472031739426,154.18562785791306,145.40297068423433,156.22416924799953,142.7086629240322,145.6317507588915,129.83253479003906,145.94969177246094,140.64871215820312,145.57463455200195,140.91543237379307,141.04545556052747,129.83253479003906,145.94969177246094,126.190475
ID32,1998-03-15,132.56818,130.6691,138.91054,129.48737,127.55033,132.57805,124.4889,118.52757,130.46217,169.99374,210.88435,132.45046267676557,134.32001098623533,149.4415648598331,159.61197097099463,148.12823629726958,164.06023535675982,137.92279272490094,143.29354218546987,129.48736572265625,124.48889923095703,135.78077507019043,144.0526065826416,135.81934204280498,134.18172704489288,129.48736572265625,124.48889923095703,139.22902
ID32,1998-03-22,107.41136,120.16391,134.56854,127.449776,132.2295,133.56734,133.14621,122.66743,136.44894,173.5568,153.54309,123.78146035545848,132.1539987480125,135.344416552335,144.37246193733637,135.27866806185375,144.89957163024096,139.68886063444666,140.60780455499008,127.44977569580078,133.14620971679688,132.76167964935303,138.84108543395996,138.34812225707165,137.37902779440088,127.44977569580078,133.14620971679688,150.2551
ID33,1998-01-04,192.42778,186.57106,187.59879,185.14507,161.91794,155.93048,163.9296,152.2342,176.7014,225.76021,251.9983,181.76890966773405,195.4473003067127,199.5068837511169,219.18041557291306,197.75549405086858,217.61258313333096,192.90981086570326,202.44563269833213,185.1450653076172,192.4277801513672,182.41011428833008,195.26663589477536,192.30936526090775,201.59629761354694,185.1450653076172,192.4277801513672,208.33333
ID33,1998-01-11,202.34108,196.20163,194.5295,184.48312,167.2507,172.26381,169.95895,176.7343,176.24982,234.3396,263.26532,189.52765738889303,203.37375742704904,205.91053865577268,228.84070492274313,204.26377190529567,226.65460763723962,200.62508635415156,210.4381676354216,184.48312377929688,202.34107971191406,190.171049118042,202.95923423767087,200.05538418002868,209.4638519278499,184.48312377929688,202.34107971191406,215.80215
ID33,1998-01-18,196.01117,200.27599,196.13962,186.56897,177.05263,175.18947,177.08817,182.49237,187.07693,242.68646,331.13663,193.49601538063763,216.93076044885964,221.60243166529676,251.19422216662883,218.11828165966938,249.7318206139641,202.22222413609302,223.83399811731903,186.5689697265625,196.01116943359375,193.876558303833,214.38565444946286,201.77453763995845,222.71162113602355,186.5689697265625,196.01116943359375,229.86111
ID33,1998-01-25,219.16483,228.8273,206.13911,203.15877,187.51561,187.27391,187.71161,191.5211,192.99239,225.30743,171.35771,205.2433778417347,201.75855749101066,203.20394954608224,207.39226770025206,203.09065501403393,204.6564638609161,215.83957415599338,207.24831852839088,203.1587677001953,219.16482543945312,205.63732147216797,204.27768135070798,215.4594949870381,207.0168414167885,203.1587677001953,219.16482543945312,243.86337
ID33,1998-02-01,222.30069,222.90074,215.36151,218.05661,191.11597,199.4756,205.64143,209.64418,208.39064,233.15039,251.9983,212.2627737655855,221.54250944388767,224.03771919811803,234.29889886505143,222.76739960925852,233.28666413181378,221.23173059346985,226.02396822923816,218.05661010742188,222.30068969726562,213.50036811828613,221.45431137084958,220.95610936112453,225.52982227333888,218.05661010742188,222.30068969726562,253.28798
ID33,1998-02-08,209.79674,217.78442,209.6178,199.02562,176.6321,180.10544,187.70535,194.1882,190.86305,245.07678,263.26532,202.14437276413832,214.75776302609336,218.62564399362836,237.23140653330987,217.00274820482306,235.03737891369286,214.1294461240426,221.66296261742013,199.02561950683594,209.79673767089844,203.21803092956543,214.4418964385986,213.66889527560593,220.82896633463972,199.02561950683594,209.79673767089844,249.05046
ID33,1998-02-15,217.35194,227.5328,203.90291,196.09543,184.66492,190.7351,189.68887,192.83072,189.2001,247.27539,331.13663,206.01700156954175,227.33827469184973,231.45076254926798,261.5367126123853,227.61313608293693,258.99685568523216,217.51721862061802,235.95473690566618,196.09542846679688,217.35194396972656,207.15592193603516,225.40378952026364,217.13369339046363,234.75473891010859,196.09542846679688,217.35194396972656,260.03403
ID33,1998-02-22,226.99701,220.7435,202.666,200.38031,180.97493,192.63974,175.8176,201.31265,185.54298,248.20581,171.35771,205.984858389683,202.81207955570963,200.96969070483584,214.70664941966467,201.05310612641816,210.83383081519352,219.05907614100795,209.47930238630926,200.38031005859375,226.99700927734375,206.0531120300293,206.06663322448728,218.4174567523024,208.99669868195622,200.38031005859375,226.99700927734375,256.2925
ID33,1998-03-01,215.46352,234.26337,223.56345,226.8622,204.35309,208.57903,211.02985,220.87178,209.63814,227.59076,251.9983,219.47245033564434,226.0771064271026,228.73839082025438,232.73073310575188,227.7480946460862,232.42069411682996,224.4308202540732,228.58526598907585,226.86219787597656,215.46351623535156,218.96315574645996,224.74484443664548,224.33088171799722,228.19958992961926,226.86219787597656,215.46351623535156,258.5034
ID33,1998-03-08,222.39542,222.83484,216.95502,212.5048,195.4563,197.47678,197.86507,205.26851,193.41342,238.74883,263.26532,212.7182616040625,221.57371780991627,223.7608993067091,239.0634855827195,222.66814684047043,237.39442181829162,221.42511896766513,227.49877636901877,212.5048065185547,222.39541625976562,213.02963066101074,220.94930267333982,221.025873730403,226.65255900691014,212.5048065185547,222.39541625976562,250.77948
ID33,1998-03-15,205.52455,220.42352,215.88359,211.28528,189.54388,192.74649,186.54944,196.28157,181.11972,234.14977,331.13663,208.49507575714887,228.0382216694839,232.29933321151736,253.66334372125317,229.89185142661117,252.95640800032336,215.57114528128997,234.0873731367403,211.2852783203125,205.52455139160156,207.01331520080566,224.0336933135986,215.20014362979532,232.79370291547602,211.2852783203125,205.52455139160156,253.0187
ID33,1998-03-22,231.82127,243.99585,211.03368,213.68393,193.76193,203.90872,191.36945,202.42978,186.08963,241.66467,171.35771,216.51177401125767,210.39148140176695,208.93673163157547,217.27223464771458,208.87837901293665,213.51459252729896,228.26134227043002,216.73677018070603,213.68392944335938,231.82127380371094,216.40493774414062,212.94443321228025,227.8581735155442,216.28860018615455,213.68392944335938,231.82127380371094,256.25
ID34,1998-01-04,109.625595,108.84675,124.16883,112.11233,104.14921,109.80289,114.984215,110.87414,117.13537,137.30237,144.61452,112.17904798580565,112.17904798580565,122.41703106703056,117.29511029140957,122.51095474157134,117.10883267300893,114.43158543230908,114.43158543230908,112.1123275756836,112.1123275756836,115.12402248382568,115.12402248382568,113.97579252465786,112.53488421828177,112.1123275756836,112.1123275756836,108.31916
ID34,1998-01-11,106.19067,115.39232,126.05479,117.49442,107.250084,112.919785,118.65933,115.64407,119.27047,142.89636,144.18935,115.4852406590941,115.4852406590941,125.09150343671936,119.63611892444781,125.0339078348667,120.06258559030937,117.51513978815616,117.51513978815616,117.49442291259766,117.49442291259766,118.35721969604492,118.35721969604492,117.00298701197622,115.54126664617894,117.49442291259766,117.49442291259766,110.70011
ID34,1998-01-18,108.8972,120.00837,124.85272,117.92698,118.67342,115.81754,120.21954,113.83949,123.78894,145.87573,184.55215,120.32464384879532,120.32464384879532,134.15634820658136,127.53582107967327,132.81944898669065,127.18063015742285,120.23543038386573,120.23543038386573,117.9269790649414,117.9269790649414,121.53393936157227,121.53393936157227,119.7140933562341,117.93970094358593,117.9269790649414,117.9269790649414,115.23526
ID34,1998-01-25,107.54689,117.77961,123.41384,117.5149,119.77148,122.33045,125.62325,119.26789,128.47643,137.1452,117.88549,119.97568046344018,119.97568046344018,121.2664651518453,117.94077863878384,121.44884774868447,118.48318290727197,119.97095924167657,119.97095924167657,117.51490020751953,117.51490020751953,121.39070320129395,121.39070320129395,119.58982050632666,118.63840889027989,117.51490020751953,117.51490020751953,116.93594
ID34,1998-02-01,127.72206,119.905815,128.57005,123.99175,124.98736,127.75303,131.52827,133.92693,130.71033,140.54425,144.61452,126.94094452499753,126.94094452499753,130.28534052010173,127.98251664532455,130.16877035442877,127.23675462986448,127.14443467317534,127.14443467317534,123.99175262451172,123.99175262451172,128.12532424926758,128.12532424926758,126.8651257022315,126.60710756682347,123.99175262451172,123.99175262451172,113.08106
ID34,1998-02-08,125.77858,119.19971,128.17996,123.13222,120.95239,125.02892,125.13686,128.89998,126.21034,146.74347,144.18935,125.4422755152647,125.4422755152647,129.3800604546063,126.56460495917477,129.31195508529072,125.96506042063055,125.65664520391661,125.65664520391661,123.13221740722656,123.13221740722656,126.76901435852051,126.76901435852051,125.1751004234465,124.27853804099263,123.13221740722656,123.13221740722656,115.77381
ID34,1998-02-15,120.89921,124.16679,127.175995,122.25935,123.33218,122.69183,129.64352,126.63622,124.98611,148.24231,184.55215,126.36104745670735,126.36104745670735,136.9968188479627,132.14008761015563,135.7201883323986,131.44962897972275,126.07996452525255,126.07996452525255,122.25935363769531,122.25935363769531,127.30139827728271,127.30139827728271,125.65050726940825,124.51867895111204,122.25935363769531,122.25935363769531,118.225624
ID34,1998-02-22,116.60677,118.571175,127.63582,120.81738,121.33886,121.741,125.33756,125.192535,128.9847,149.15436,117.88549,123.6125567510106,123.6125567510106,124.0534582735726,121.06630786627218,124.46117116065815,121.25286688012055,123.66077184740865,123.66077184740865,120.8173828125,120.8173828125,125.15036582946777,125.15036582946777,123.11937438704936,121.87698987514304,120.8173828125,120.8173828125,111.03419
ID34,1998-03-01,137.66348,119.283806,129.8786,126.41599,131.49911,128.75067,133.73996,135.21506,137.84702,137.9357,144.61452,130.0897903403502,130.0897903403502,132.328228172007,131.04824193964583,132.1987567494415,129.5942101764635,129.91518190229806,129.91518190229806,126.4159927368164,126.4159927368164,130.64591598510742,130.64591598510742,129.78784118576877,129.71484952114884,126.4159927368164,126.4159927368164,125.90703
ID34,1998-03-08,128.88625,118.372406,129.4032,125.50149,128.41534,126.82589,127.08797,130.96692,132.94849,142.49368,144.18935,127.53728985264786,127.53728985264786,130.8285401812475,128.50847095901455,130.77282293715234,127.48826238877618,127.3187552110802,127.3187552110802,125.5014877319336,125.5014877319336,128.37327766418457,128.37327766418457,126.98171378649928,126.4232426735471,125.5014877319336,125.5014877319336,129.10997
ID34,1998-03-15,135.2319,122.51366,131.64641,125.883125,125.83877,129.08495,126.23989,130.18857,124.88364,143.36867,184.55215,129.18843469433153,129.18843469433153,138.75842250274525,135.73165063127922,137.99859170859068,134.2118568914987,129.2916514868455,129.2916514868455,125.88312530517578,125.88312530517578,129.97592067718506,129.97592067718506,128.94600629736513,128.263978238081,125.88312530517578,125.88312530517578,119.44444
ID34,1998-03-22,119.13171,119.647385,130.524,124.72352,128.11609,129.12311,131.56113,129.52542,123.545395,144.56485,117.88549,126.92779515448058,126.92779515448058,124.47884158649393,123.39539981320503,125.29541581221707,123.42960204962952,126.91188363240872,126.91188363240872,124.72351837158203,124.72351837158203,128.4239730834961,128.4239730834961,126.51745035152535,125.76005584257271,124.72351837158203,124.72351837158203,121.4144
ID35,1998-01-04,81.78193,87.26417,86.75748,80.60963,82.55259,88.06545,85.21485,81.76836,84.80715,92.80124,97.29308,84.65011224606704,84.31200591896885,87.7805650175626,84.813507639153,87.57669688696367,85.06611824851532,85.11609871265844,84.28534784964943,80.60962677001953,85.21485137939453,85.63091659545898,84.25180625915527,85.16717242925844,84.31495672980218,80.60962677001953,85.21485137939453,46.825397
ID35,1998-01-11,81.69181,92.79134,89.873436,81.06756,85.93508,82.93411,89.13078,82.35453,76.77846,96.06731,107.66724,86.34485989292736,85.87668850470031,90.43272559208285,84.706677396371,90.11765672522006,85.16448875043791,86.76150047535991,85.70785853133029,81.06755828857422,89.13078308105469,87.43642902374268,85.72233200073242,86.81980936956114,85.73723941346377,81.06755828857422,89.13078308105469,66.85091
ID35,1998-01-18,80.13439,91.21987,85.96126,79.75337,85.21215,87.25145,90.28787,88.50366,78.849045,94.11991,101.856575,85.74383606236971,86.06763678428102,88.09067511437095,86.86016629743787,87.68246228470842,87.06713610357201,86.44688543843237,86.34651984747667,79.75337219238281,90.28787231445312,86.74253463745117,86.04050350189209,86.50605893787147,86.43359255470448,79.75337219238281,90.28787231445312,69.30272
ID35,1998-01-25,79.42839,93.42861,87.4525,82.87291,84.51843,82.94818,91.9378,92.10516,82.139015,91.612595,81.33504,86.27307706903598,86.9573353478056,85.80726494488579,86.61418098488181,85.76959828931719,86.57986164094115,86.55979618378144,87.05962048493873,82.87290954589844,91.93779754638672,86.77492713928223,86.83649826049805,86.68760720524645,87.23609753475583,82.87290954589844,91.93779754638672,69.24603
ID35,1998-02-01,89.07123,89.457825,92.40223,88.72131,83.581,85.36355,91.56912,89.13756,90.643486,94.58291,97.29308,88.8838169402261,88.91358748791944,91.96701502473573,88.17072405652424,91.92320860915528,88.27880778690512,88.80518621515293,88.56536261678579,88.7213134765625,91.56912231445312,89.34364700317383,88.66297817230225,88.94162474911045,88.70261052104753,88.7213134765625,91.56912231445312,67.672905
ID35,1998-02-08,89.34459,92.24352,91.914505,85.66922,83.84663,84.29742,84.5578,85.94878,84.53978,95.84217,107.66724,87.78553384844673,87.57003351335152,93.02502759895725,85.4826731469965,92.72386919708185,85.8715894486733,87.48437243359365,86.86517497916552,85.66921997070312,84.55780029296875,88.46448135375977,87.22780704498291,87.44873600826139,86.83457658137739,85.66921997070312,84.55780029296875,75.524376
ID35,1998-02-15,94.35264,90.39061,82.659065,80.2528,86.61289,85.75983,90.05932,92.36849,79.63742,95.176254,101.856575,87.58087817014783,88.14259214374057,88.15821768287776,88.0928709891111,87.48190023166399,88.28567943893287,87.8154897773573,88.06758405521063,80.25279998779297,90.05931854248047,88.15792560577393,87.80695533752441,87.5706615962059,87.90270515555267,80.25279998779297,90.05931854248047,86.49377
ID35,1998-02-22,92.564354,88.886505,83.85041,82.670876,82.40753,80.496895,85.47421,84.19023,80.08006,94.05027,81.33504,85.73840096410323,85.55675964366714,84.59364934692135,83.0191380900383,84.45822882852852,83.24361670637809,85.5360770582002,84.9347956196708,82.6708755493164,85.47421264648438,86.30013179779053,85.067626953125,85.35218392697338,84.77236971971419,82.6708755493164,85.47421264648438,77.89116
ID35,1998-03-01,96.49847,97.43464,90.53055,88.832306,85.13435,88.19202,88.77758,88.50251,92.375885,93.224846,97.29308,91.44843404719849,91.10279910716723,93.61016846180442,88.82931386002363,93.10869525514529,89.21243681705899,90.61840191072959,90.20425083130857,88.83230590820312,88.77758026123047,91.07809448242188,90.48780250549316,90.46727631710527,90.05307156579502,88.83230590820312,88.77758026123047,83.219955
ID35,1998-03-08,93.3734,97.71023,90.70524,86.62848,89.814064,91.35794,83.81681,84.27046,92.48246,95.365265,107.66724,90.81382977331907,90.0461193593489,95.30391475745938,88.82749385117303,94.60496218724896,89.33068347914002,90.43106512766064,89.35604145750979,86.62847900390625,83.81681060791016,91.09642791748047,89.7095775604248,90.18945615003844,89.0900126752154,86.62847900390625,83.81681060791016,63.931404
ID35,1998-03-15,89.581055,91.25549,86.81532,82.715256,86.65887,81.62677,79.73721,75.811646,82.32125,93.986084,101.856575,85.77226600253961,84.60362129379902,89.73076896658293,82.15955569050094,89.2308187915839,82.72215830217687,85.56028886401434,83.82870854654172,82.71525573730469,79.73721313476562,86.54700756072998,84.27520275115967,85.32017247659877,83.53733558691515,82.71525573730469,79.73721313476562,69.274376
ID35,1998-03-22,90.52627,95.014305,86.424484,85.65824,83.97594,80.6325,85.63634,82.49837,83.16542,93.834885,81.33504,87.43868141060487,86.85905166396942,87.07814055382377,83.40907549997019,86.82689782497486,83.76899775509887,86.93230662933217,85.99344512770602,85.65824127197266,85.63633728027344,87.71286964416504,86.29580497741699,86.77119729901456,85.81987233767293,85.65824127197266,85.63633728027344,82.327095
ID36,1998-01-04,85.56236,108.41256,92.43008,92.26323,85.907005,90.056,100.41718,105.239876,71.58785,81.76047,118.962585,91.49232564264108,96.32865956517063,96.03280969113001,93.91055267102928,95.27092461451443,93.70217034617353,92.64217213768616,95.38857639775266,92.26322937011719,105.23987579345703,92.10111045837402,95.03603649139404,92.75621303870219,95.5615296864004,92.26322937011719,105.23987579345703,38.18027
ID36,1998-01-11,91.010506,103.6942,99.541016,101.66069,90.41257,98.31833,102.065674,93.96084,79.477905,89.49195,125.0,96.15684981233949,97.3858079489879,101.0991404483413,95.41870738691901,100.8140649527227,94.59734427058333,97.54091580974521,97.69101084474916,101.66069030761719,93.9608383178711,97.02436637878418,97.58297729492188,97.66052339225682,97.64585678060968,101.66069030761719,93.9608383178711,64.52664
ID36,1998-01-18,105.037926,114.313614,108.08161,105.38999,96.086784,100.309204,104.236786,111.71788,100.68082,91.72542,107.00114,101.16902826199643,105.36127072025867,106.52869293194237,107.29038476865638,106.4496372121465,107.36986171531167,103.96843086357606,106.12136755704424,105.3899917602539,111.71788024902344,103.14766693115234,105.64672470092773,104.0674786057561,106.18715889197168,105.3899917602539,111.71788024902344,75.04252
ID36,1998-01-25,113.78038,113.75131,106.64581,108.30279,95.4774,100.770454,97.70913,102.30313,113.39042,82.28414,53.727325,98.57333760807091,103.20908411492587,98.60601143369348,108.31381982688849,99.40969920086746,108.86568252133625,103.60025595783128,105.19148056466165,108.30278778076172,102.30313110351562,102.34017753601074,104.84255123138428,103.75816172903976,105.05756171501326,108.30278778076172,102.30313110351562,103.88322
ID36,1998-02-01,111.7355,122.41805,114.92103,116.67802,109.54334,121.40776,111.43644,114.09322,101.65439,85.46193,118.962585,109.27006034096814,115.93290078293435,113.47204394450299,114.78852963442304,113.57867904278191,114.33599096630326,112.72023653396656,115.19724648722972,116.67801666259766,114.09322357177734,111.70025825500488,115.27917003631592,113.04048088810312,115.18185277368673,116.67801666259766,114.09322357177734,102.73526
ID36,1998-02-08,121.53229,125.053925,117.554436,122.28543,110.733025,112.61899,113.26143,118.671135,98.382614,89.59961,125.0,109.8957744463928,116.41251231204508,116.63812256057703,116.34361123426608,116.6347308121489,115.72703073776722,115.40965550278202,118.04115686640392,122.28543090820312,118.67113494873047,114.07989120483398,117.7138319015503,115.65125178918964,118.00171077421805,122.28543090820312,118.67113494873047,100.48186
ID36,1998-02-15,124.32874,132.16872,119.21211,118.240654,116.51262,116.13977,112.63544,122.07197,104.720024,94.81269,107.00114,113.76902394781891,119.87474181286682,115.97883818822737,119.95956950135356,116.13837448837512,120.13122218939881,117.70491697192968,120.2539676302098,118.24065399169922,122.07196807861328,116.75634288787842,120.16375255584717,117.88730826399126,120.21341727245459,118.24065399169922,122.07196807861328,94.18934
ID36,1998-02-22,122.451195,121.64937,110.19571,110.72395,112.16166,94.82221,105.18319,105.17853,119.11482,90.10702,53.727325,104.06295543008278,107.66149810390894,103.01759508411743,112.21376335868634,103.5477264327906,113.6913484331804,109.43467226283926,110.42820599773462,110.72395324707031,105.17852783203125,108.41178798675537,110.29572677612305,109.52151569355168,110.20654466955156,110.72395324707031,105.17852783203125,86.933105
ID36,1998-03-01,123.30453,125.0199,115.716225,118.10298,122.717064,120.00395,118.1814,128.49196,149.71365,80.75916,118.962585,111.7381135006723,122.28767616648048,122.293667898867,126.95407393004594,121.28862766417384,128.73680060613916,116.70891472961955,121.43029583876519,118.10298156738281,128.49195861816406,115.47565078735352,121.44225025177002,117.0853268742474,121.52681273763609,118.10298156738281,128.49195861816406,105.13039
ID36,1998-03-08,139.20822,123.86435,122.07642,120.807175,124.15115,126.203445,124.042496,135.59749,152.98563,87.41051,125.0,117.18251540896217,127.73621176944151,126.82828916825994,131.93320290062877,126.2104409998344,133.01318888812492,122.44155170216742,127.28644929375935,120.80717468261719,135.5974884033203,120.97047138214111,126.9938440322876,122.77060476886632,127.37279367381524,120.80717468261719,135.5974884033203,102.480156
ID36,1998-03-15,142.54752,118.84056,123.27342,117.42939,120.42522,116.53788,120.57984,132.67714,123.69513,91.49019,107.00114,114.59981951787634,123.470589392004,118.25378897160185,124.545428630735,118.86725311709746,124.34636660083882,120.4218168016541,124.62589744792237,117.42938995361328,132.67713928222656,118.89050197601318,124.0388708114624,120.64066170527599,124.67117986811678,117.42938995361328,132.67713928222656,93.79252
ID36,1998-03-22,117.22899,109.91594,114.205956,112.96168,114.62368,103.83516,106.78521,124.37485,116.54347,92.233025,53.727325,105.40459083982263,112.01556506405154,101.51966216329951,114.37789694001205,102.98629559058382,114.58999042203293,109.81747842461293,113.40956700931073,112.96167755126953,124.37484741210938,108.97370433807373,112.9914321899414,109.97830673062631,113.57546053282542,112.96167755126953,124.37484741210938,93.05556
ID37,1998-01-04,175.41281,163.61018,168.51228,160.52605,168.812,164.16008,164.84259,157.09683,168.02315,202.45512,240.80215,170.44365425366024,170.44365425366024,182.03156136203154,189.2342295316741,180.41435273163484,183.27001385551023,169.9538114869973,169.9538114869973,160.5260467529297,160.5260467529297,171.04138946533203,171.04138946533203,169.85369963157677,175.80040167584372,160.5260467529297,160.5260467529297,160.13322
ID37,1998-01-11,181.19052,164.18416,171.72598,158.41795,166.34723,173.63275,167.63684,163.24258,168.94604,209.97665,223.14342,172.7452879447011,172.7452879447011,180.27545724572767,186.0332277050114,179.3769096311906,181.09697073686647,172.53352882810358,172.53352882810358,158.41795349121094,158.41795349121094,174.13901138305664,174.13901138305664,172.36080784206354,176.61726484608803,158.41795349121094,158.41795349121094,163.23697
ID37,1998-01-18,179.03207,168.69405,173.57106,161.1393,172.32143,171.46437,173.37291,169.43513,177.7435,215.52948,303.45804,175.71936889788054,175.71936889788054,198.24414414393772,209.38274189254997,195.21428770413345,199.68366412875505,174.92781322139498,174.92781322139498,161.13929748535156,161.13929748535156,176.89058303833008,176.89058303833008,174.5852104715421,185.38697225557303,161.13929748535156,161.13929748535156,177.59354
ID37,1998-01-25,191.64859,203.78433,183.58992,173.73654,177.54846,183.56087,180.13354,179.02325,177.81041,201.73177,153.03288,185.88098417101682,185.88098417101682,180.97680224601305,179.08687629745467,180.9745871147219,184.71438940546153,187.9692130546388,187.9692130546388,173.73654174804688,173.73654174804688,186.96675300598145,186.96675300598145,188.49487679043287,185.52255113404686,173.73654174804688,173.73654174804688,211.64966
ID37,1998-02-01,196.47934,199.99747,201.03802,191.57149,180.40948,182.88574,189.32526,190.51529,190.52368,209.6445,240.80215,193.48497423827587,193.48497423827587,205.56985342349782,209.98875917880724,204.69813565753935,207.08417281692502,195.70581638793405,195.70581638793405,191.5714874267578,191.5714874267578,193.91891288757324,193.91891288757324,197.2880493782431,200.93528057526072,191.5714874267578,191.5714874267578,202.39513
ID37,1998-02-08,207.38141,190.45178,189.29816,174.4417,171.57552,180.59703,177.19409,179.84009,175.42648,218.60252,223.14342,186.32635854204509,186.32635854204509,194.2993721571719,199.8552675240048,193.6167419623253,197.94204572143488,190.04468760436382,190.04468760436382,174.4416961669922,174.4416961669922,188.69277572631836,188.69277572631836,191.25195460689088,193.92500826226828,174.4416961669922,174.4416961669922,180.76814
ID37,1998-02-15,215.21713,203.21164,180.72258,172.47276,175.59665,178.63109,179.3409,176.37495,176.88225,219.45241,303.45804,186.86208696064918,186.86208696064918,209.8236773239746,221.95158100674536,206.0639288252813,218.02240053725336,192.42389580218867,192.42389580218867,172.47276306152344,172.47276306152344,190.58064460754395,190.58064460754395,193.3365130976909,202.566592879599,172.47276306152344,172.47276306152344,185.16156
ID37,1998-02-22,216.20453,199.4047,180.81543,175.53653,173.47104,184.7523,172.6336,171.70476,170.47148,225.07578,153.03288,188.0490255933537,188.0490255933537,181.12251218069585,182.57104567341486,181.15570744721077,187.30318018788097,192.92374182540348,192.92374182540348,175.53652954101562,175.53652954101562,190.98673820495605,190.98673820495605,194.10266503854538,190.66031017741585,175.53652954101562,175.53652954101562,177.6644
ID37,1998-03-01,205.68417,203.51102,206.9658,202.90326,189.26419,188.97282,191.08788,190.61278,188.85376,204.244,240.80215,199.299331589337,199.299331589337,209.0102486832616,214.2348818534158,208.56846435424353,211.3864691280667,201.67743059009177,201.67743059009177,202.90325927734375,202.90325927734375,199.07914352416992,199.07914352416992,203.36647868725223,206.50423285557406,202.90325927734375,202.90325927734375,216.11395
ID37,1998-03-08,197.5291,187.30046,202.11594,190.34637,187.08769,180.11281,182.77263,182.00589,184.57556,212.07831,223.14342,193.13383768820282,193.13383768820282,199.33594923379007,203.56859420229839,199.54741734595834,199.53100276485773,193.5092187781291,193.5092187781291,190.34637451171875,190.34637451171875,192.41791343688965,192.41791343688965,194.62378693585543,197.01422298907116,190.34637451171875,190.34637451171875,190.91553
ID37,1998-03-15,186.2233,184.3214,195.2331,187.8434,178.80301,178.81247,177.68623,179.22499,172.7327,208.06477,303.45804,188.22430394465138,188.22430394465138,208.89201910656567,221.30087568355538,207.1030270236351,211.8310461525945,188.13416756394636,188.13416756394636,187.84339904785156,187.84339904785156,187.1234588623047,187.1234588623047,189.44008695046006,198.99675432845677,187.84339904785156,187.84339904785156,195.83333
ID37,1998-03-22,223.47525,212.15755,193.5163,190.17816,179.45613,181.8502,181.06148,179.16597,178.74802,216.53195,153.03288,194.6913492371733,194.6913492371733,189.6282894251448,189.77724572062166,189.92611884266003,195.6404535985306,201.2590634575149,201.2590634575149,190.17816162109375,190.17816162109375,197.27837753295898,197.27837753295898,203.32649917999777,199.111028210632,190.17816162109375,190.17816162109375,214.52664
ID38,1998-01-04,120.44416,117.87964,130.99728,119.521355,117.26571,119.487656,117.92016,111.62836,118.81929,140.26324,142.47449,126.7497745048601,131.69759992913708,127.2817099778139,119.38870546123255,127.66128346121917,120.85316320889373,124.53571809484077,125.20705773584734,119.52135467529297,130.99728393554688,122.9724006652832,125.2534770965576,124.95882597900452,126.09614684177404,119.52135467529297,117.879638671875,110.26077
ID38,1998-01-11,117.90686,120.7325,129.87048,119.71144,117.70556,125.37282,122.797874,119.874466,111.89963,144.0443,143.89172,128.5995870759047,133.50347288373803,126.77893891144748,119.73535758458806,127.13717868205738,121.15014962840146,125.35632455007686,125.98609408529875,119.71144104003906,129.8704833984375,124.76772880554199,125.99142456054686,125.85432256667819,126.97759576198882,119.71144104003906,120.73249816894531,116.14229
ID38,1998-01-18,110.46345,126.788284,129.1218,120.53151,125.17849,127.16686,127.25012,120.48048,116.07659,144.8454,170.96089,129.83230881983155,140.02575019890773,133.08469080605647,119.678782922249,132.4449436075139,122.27519804046814,125.99699437215682,129.21712898784986,120.53150939941406,129.12179565429688,126.41823863983154,129.90854930877683,126.18389941942807,131.0761204103472,120.53150939941406,126.78828430175781,124.475624
ID38,1998-01-25,115.23955,123.81029,128.0291,120.50166,125.17675,126.05401,126.6185,122.74166,129.57507,140.5144,126.70068,128.5144976579357,128.4071112594445,126.27460824697644,120.15518173598488,126.38439803868765,120.85944938466403,125.23172524551764,125.4499042389973,120.50166320800781,128.0290985107422,125.74303245544434,125.88905239105223,125.37999494782495,125.58557481900687,120.50166320800781,123.81028747558594,115.15023
ID38,1998-02-01,130.1978,127.85916,137.5978,129.80911,121.047745,129.26549,131.19618,129.69643,126.197205,142.534,142.47449,133.38374144581948,137.2042133523751,133.8078007898651,129.20236008786006,134.2339162340839,130.11759659112832,132.45385701568983,133.29547219448406,129.80911254882812,137.59779357910156,131.18840980529785,133.29574775695798,132.96786162398723,133.77869628303853,129.80911254882812,127.85916137695312,142.7296
ID38,1998-02-08,125.37709,126.27003,133.8224,125.097015,114.72756,122.92503,124.85378,124.39264,119.907074,145.56464,143.89172,130.98865105633766,136.50679865750158,131.1773447712506,126.02966775713955,131.39587801990132,126.98678834585988,129.4730537829058,130.55583595609033,125.09701538085938,133.82240295410156,127.32969379425049,130.5403261184692,130.23158736160437,131.3286858074973,125.09701538085938,126.27002716064453,135.64342
ID38,1998-02-15,126.06773,130.8952,129.8657,122.52305,123.47811,126.89174,132.01155,126.34555,134.07158,148.21976,170.96089,133.2413644954906,143.6244078774901,138.14543699259997,128.37901714643925,136.98125873489172,130.0168659037887,130.14168447071458,134.54836762259515,122.5230484008789,129.86570739746094,129.9941062927246,136.1186838150024,130.726359651245,136.21366356891852,122.5230484008789,130.89520263671875,133.84354
ID38,1998-02-22,116.970436,128.00423,129.57986,121.40921,121.07507,126.29864,124.53846,125.702354,140.9176,147.44763,126.70068,130.92575605968096,131.38049233891033,129.78081264939405,123.065240416346,129.5665947901186,123.50121078306029,127.63399658527754,128.67200626599563,121.40921020507812,129.57986450195312,126.91544246673584,129.59150123596189,128.13354773788396,128.68608002901448,121.40921020507812,128.0042266845703,118.46655
ID38,1998-03-01,133.88908,132.13722,136.01715,129.41312,126.88142,124.34154,130.01938,130.828,122.12461,140.44719,142.47449,133.47535937013174,137.1903250050047,133.61800448865785,132.8170204141519,133.78821425831705,133.13364509859525,133.21523507676105,133.68359877001555,129.41311645507812,136.01715087890625,131.64326190948486,133.41635799407956,133.56304757889967,134.21100735209149,129.41311645507812,132.13722229003906,157.82314
ID38,1998-03-08,130.53964,131.07661,136.21272,128.42355,124.48542,122.92293,126.900444,127.94121,117.582115,144.24489,143.89172,133.51908048765057,137.919917401791,132.9060012621368,130.83766316127006,133.17091104556863,131.40086855530572,132.67732370894092,132.9328239398771,128.42355346679688,136.2127227783203,130.60077667236328,132.48905849456784,133.1363503847175,133.6183740478477,128.42355346679688,131.0766143798828,135.34581
ID38,1998-03-15,130.76953,129.39488,131.1257,123.9128,121.61928,125.60086,119.61545,121.733185,126.93519,144.14693,170.96089,131.84100789086932,142.83506231573054,137.27309070030745,129.7047281334853,136.42387567319878,131.20934303114976,130.38461594244203,133.91406167703963,123.91280364990234,131.12570190429688,128.27317905426025,134.87238883972165,130.9908916365148,135.63949301542894,123.91280364990234,129.39488220214844,86.02608
ID38,1998-03-22,125.43252,132.43304,131.26147,125.61189,123.595436,123.67198,125.76868,125.49685,130.34123,144.62033,126.70068,132.20347357357505,132.47784728069098,130.1772008657969,129.09327824595394,130.12196140310152,128.8627574259028,130.60998034036587,130.28402151063,125.61189270019531,131.261474609375,129.04941940307617,130.23725318908689,131.09713147132481,130.3359635081351,125.61189270019531,132.43304443359375,137.5
ID39,1998-01-04,110.85489,109.39862,119.45835,104.68501,100.49631,107.49398,112.68187,110.418915,107.045715,133.51088,132.05782,112.83271855342699,112.98004882771741,116.43655184274675,118.06370706777543,116.66268877290449,117.99414035713461,113.40389890649978,113.38080198845918,104.68501281738281,104.68501281738281,112.32248878479004,112.85829544067383,112.20321223463452,112.00751122223132,104.68501281738281,104.68501281738281,106.22166
ID39,1998-01-11,104.33158,107.412056,117.76759,106.541916,104.00008,112.702484,117.986694,115.88764,105.95423,137.7175,140.53288,114.0853092783432,113.37745522308452,117.12083853328707,119.28116269608861,117.16152800475612,119.04925123832699,113.58492913602362,113.556571439092,106.54191589355469,106.54191589355469,113.55748748779297,113.53937530517578,112.9792620882684,112.97042059288785,106.54191589355469,106.54191589355469,103.23129
ID39,1998-01-18,99.08268,113.43139,117.21297,107.02751,108.275826,114.30492,118.40911,115.281395,110.49982,140.2142,172.32143,115.12116510688416,114.67078846143971,124.56528293234368,124.94647393245191,123.50094706189006,123.54371825374,114.60334535822824,114.55448064262313,107.02751159667969,107.02751159667969,114.74482536315918,114.63185977935791,114.19024061282938,114.05436651281705,107.02751159667969,107.02751159667969,109.11281
ID39,1998-01-25,103.60114,113.991,119.54811,109.43771,110.381516,114.35422,115.272285,115.10716,112.22604,135.06413,117.84297,115.46721558080662,115.42198910082814,115.74960812138758,118.04318622666493,116.07329373666158,119.57057025890148,115.49500854998504,115.49261727677094,109.43771362304688,109.43771362304688,115.20626449584961,115.4161901473999,115.04372950176264,115.03677674153582,109.43771362304688,109.43771362304688,113.12358
ID39,1998-02-01,117.026436,109.95823,123.81962,113.989365,112.368004,119.82429,117.438805,118.40546,118.70916,136.36307,132.05782,119.45916761377,120.26801668337178,121.06026223264163,122.66108755882703,121.46439566507345,121.82454120988682,119.16029513825987,119.51627219152236,113.98936462402344,113.98936462402344,118.84847640991211,119.76195240020752,118.71989213600345,118.76274802941946,113.98936462402344,113.98936462402344,127.19671
ID39,1998-02-08,111.937164,110.243675,121.26923,110.01501,105.77205,114.66636,115.4597,116.930305,112.3102,140.01324,140.53288,116.84338735869028,117.38997136826922,120.46641741322486,122.4835047436228,120.53676077643334,122.05745300100962,116.93439558198644,117.25458301247069,110.01500701904297,110.01500701904297,116.17205429077148,117.17314910888672,116.01625120076457,116.13413991619423,110.01500701904297,110.01500701904297,114.7534
ID39,1998-02-15,116.936584,118.57798,120.32751,109.481865,109.73588,114.69162,122.65085,117.25075,110.95952,141.94395,172.32143,119.95193959112149,118.91819121034688,127.73430571428781,128.28373455802438,126.69847879123168,127.03249458311174,119.61692591479358,119.14163770969134,109.48186492919922,109.48186492919922,119.29327964782715,118.77122211456299,118.74645461335584,118.38397555046978,109.48186492919922,109.48186492919922,117.644554
ID39,1998-02-22,110.44526,116.63897,123.45282,112.53542,109.03443,111.62876,119.88727,116.60918,110.42559,142.68744,117.84297,118.66237770929729,117.90968226002487,118.06280448582467,121.54544150206375,118.55550279082182,123.64790502395292,119.23757234883493,118.82998365341498,112.5354232788086,112.5354232788086,118.28879642486572,118.05292987823486,118.136079944667,117.89261818985737,112.5354232788086,112.5354232788086,121.83957
ID39,1998-03-01,123.83867,115.97092,125.57349,117.23338,115.600006,117.2606,120.58846,116.50841,114.889534,134.55687,132.05782,121.76891858459085,120.92483168688815,122.67666609933295,124.22701308619307,123.03204424977275,123.87474667428951,121.99250998014378,121.31756275252178,117.23338317871094,117.23338317871094,121.32779884338379,120.72898292541504,121.31366200283571,120.9007182566529,117.23338317871094,117.23338317871094,122.831635
ID39,1998-03-08,118.438675,112.06596,122.79298,113.73219,112.231476,113.44709,117.96607,115.474144,111.455635,137.68498,140.53288,119.09881718174645,118.29413399691451,121.73243342465098,123.60946316308696,121.85259967283062,122.93869460903628,119.2618392406801,118.71607997191732,113.73219299316406,113.73219299316406,118.54492855072021,118.1364574432373,118.47948077993189,118.22460460394313,113.73219299316406,113.73219299316406,117.13435
ID39,1998-03-15,115.74675,114.27009,123.322975,114.27777,109.241554,113.45238,113.855156,114.01706,108.6247,137.45615,172.32143,118.19302043261428,117.56621256254132,127.58618525489456,127.90023699406782,126.99393046258672,125.50440364468078,119.05781874944587,118.47999199273481,114.27777099609375,114.27777099609375,117.70285224914551,117.64598369598389,117.967011392841,117.82671206845379,114.27777099609375,114.27777099609375,120.833336
ID39,1998-03-22,112.77015,117.89071,123.41321,116.26543,111.23588,112.054,121.842926,117.6417,110.40782,140.16473,117.84297,119.71607597714339,118.52929302016875,118.72945598905801,122.07167230133922,119.1722317615158,124.01598544639762,120.37984217510018,119.77208391750658,116.26542663574219,116.26542663574219,119.45462894439697,118.8259687423706,119.33534472123526,119.03328389980285,116.26542663574219,116.26542663574219,129.06746
ID4,1998-01-04,128.98048,150.22385,134.73735,120.837006,127.4327,137.46777,131.57396,132.97334,130.52177,154.75853,144.8271,132.27547111395293,132.12242943819288,137.83248606952387,141.03039533819387,137.08848380088148,137.90828527893805,135.9360498454874,135.5430342634381,120.83700561523438,128.98048400878906,135.75145626068115,135.61993312835693,137.360085393633,136.42327480116128,120.83700561523438,154.75852966308594,130.88152
ID4,1998-01-11,112.08448,158.48705,144.49387,124.968895,119.91739,131.15152,136.94536,155.53409,125.841095,152.38992,155.76814,130.63036939730375,128.34593625475762,142.46698245436917,138.98847042131183,141.93182770171018,132.33371801786507,133.28010596360016,132.05356329842434,124.9688949584961,112.08448028564453,135.0548095703125,133.6667766571045,130.40813561671325,130.46479050835123,124.9688949584961,152.38992309570312,134.94897
ID4,1998-01-18,96.12688,141.73119,134.07352,120.47329,124.77925,133.66026,148.8179,157.58006,136.41685,160.87997,211.09694,127.1285790250137,123.86325082372589,147.68347426492284,146.0758497112402,145.486405014031,132.13348009561457,130.3617571182565,129.8361524640711,120.4732894897461,96.12687683105469,132.56778240203857,131.01765155792236,129.03747909326137,132.4486854917086,120.4732894897461,160.87997436523438,134.6797
ID4,1998-01-25,160.4981,157.89917,150.81169,142.37628,133.99745,139.17805,144.04314,151.63522,148.7654,158.87224,139.45578,147.82731563051044,148.8524069826055,149.64690676042096,151.61160343330008,149.52506259023437,153.21988266036263,149.65139310172384,149.93498696414443,142.37628173828125,160.4980926513672,148.45951461791992,149.04979705810547,151.65133570567536,150.89317207813278,142.37628173828125,158.8722381591797,145.26643
ID4,1998-02-01,141.40683,164.67621,151.00276,136.94566,137.41675,141.89879,143.00354,145.07446,140.4659,163.35533,144.8271,144.67562315084808,144.3055530357309,149.14025343395448,149.61089189287216,148.85946111936948,147.4286540997986,147.44280959776424,146.85236044431483,136.94566345214844,141.40682983398438,147.4632339477539,147.14602851867676,147.91552392131405,146.57923700015206,136.94566345214844,163.35533142089844,151.7432
ID4,1998-02-08,160.72054,177.82164,153.25732,135.74529,127.76297,136.40147,139.274,146.10432,135.76553,158.3233,155.76814,147.59395858090375,147.37544253445472,154.07083146722943,155.61254750381718,153.26564053955738,155.4521167997707,149.3830544734383,148.33329528733515,135.7452850341797,160.7205352783203,148.66331672668457,148.22475814819336,149.77439337351458,147.6560007980552,135.7452850341797,158.32330322265625,174.4331
ID4,1998-02-15,172.98047,196.45642,152.3065,132.25752,131.02989,136.83842,153.78345,164.41339,143.10318,166.5407,211.09694,155.71591219550737,153.90932438457935,169.32007651344958,173.6185385815926,166.26131206282892,169.7045834282347,155.9170092706034,154.40470023256793,132.2575225830078,172.98046875,155.27417182922363,153.9391384124756,156.7484452605654,155.9757720576871,132.2575225830078,166.5406951904297,153.04706
ID4,1998-02-22,165.8966,194.30864,159.02425,145.29442,130.65652,144.66132,146.81523,161.74939,148.8646,175.5817,139.45578,154.56678310360985,155.30971612934528,159.91779440803214,162.2431893877645,159.0014491049664,162.782233767127,158.51094435167573,158.0896531967659,145.29441833496094,165.8966064453125,157.77983474731445,158.0360050201416,159.3915394006935,157.0838087889534,145.29441833496094,175.58169555664062,148.90874
ID4,1998-03-01,159.99231,193.00755,162.6588,149.92041,146.00496,147.59865,148.81612,147.51794,164.89452,162.11313,144.8271,157.59062096815177,160.88034579481547,163.61785263788883,161.35824780851408,162.63515950493115,160.25455754345822,158.37590655684122,159.9019249008442,149.92041015625,159.9923095703125,158.76399040222168,160.77379035949707,156.6544137790187,156.9697491084439,149.92041015625,162.11312866210938,165.91553
ID4,1998-03-08,149.69093,146.43668,135.73741,134.75348,137.1614,135.67775,142.87097,135.65425,134.19794,155.41359,155.76814,141.68693585122512,140.08554454914983,142.83840470191612,147.6582977716373,141.9171306084893,146.94799053421775,143.39608059344866,142.2389618644173,134.75347900390625,149.69093322753906,142.21777725219727,141.13364791870117,146.73864639224013,145.08598755450268,134.75347900390625,155.41358947753906,157.87982
ID4,1998-03-15,160.64336,170.08151,154.25554,131.28923,130.94955,136.74748,140.32521,137.73466,135.08759,152.93755,211.09694,147.475921745769,146.89260504613878,162.15989821203198,163.31392384241587,160.5307474850211,159.02555750044672,147.8178500527844,146.69732720716598,131.2892303466797,160.6433563232422,147.15367889404297,146.49897575378418,148.0102011396908,147.53999989171962,131.2892303466797,152.9375457763672,157.59637
ID4,1998-03-22,158.3806,148.6049,146.61955,141.3582,133.35313,148.90332,154.27417,142.6705,138.81752,164.70535,139.45578,148.18594998253013,145.13794436340288,145.39400650283193,151.04392857999963,145.63270077348614,152.9078727271859,150.61490992566326,148.82282661302398,141.3582000732422,158.38059997558594,149.52490425109863,147.59282302856445,153.3634643961982,150.83637995284238,141.3582000732422,164.70535278320312,158.7585
ID40,1998-01-04,143.7522,147.57596,145.20097,143.27547,147.71457,145.81064,152.17534,148.5965,153.78648,154.42485,139.62585,147.26207547022182,146.43217876772047,146.12835933785723,146.9745604248624,145.94736311511798,146.68604938268172,146.7307786398306,146.91716872944832,143.2754669189453,147.71456909179688,147.49124908447266,146.96409797668457,146.41507012349894,147.50196367343582,143.2754669189453,153.78648376464844,112.03231
ID40,1998-01-11,132.99828,143.12112,140.34248,138.46684,142.66203,141.5488,148.30232,144.14308,148.59512,154.4001,139.71089,142.34470740423203,140.50838388611646,142.12969627985385,141.0508244925789,141.8122002633628,140.51582148743827,141.3812603703118,141.29262138945722,138.4668426513672,142.6620330810547,142.7302474975586,141.48472023010254,140.71259536536868,141.76594788327208,138.4668426513672,148.59512329101562,119.21769
ID40,1998-01-18,130.00607,143.40451,137.8889,137.1556,140.27731,138.7348,147.98296,144.93576,145.60648,150.77148,156.9161,140.46551357840627,138.60919887913093,143.76709037999103,139.30208154918992,142.89846819908516,138.86329314396727,139.46593448363353,139.6467564214995,137.1555938720703,140.27731323242188,140.7777042388916,139.75117874145508,138.9077569447652,140.05588874822945,137.1555938720703,145.60647583007812,101.26134
ID40,1998-01-25,139.84183,143.77809,141.27007,143.14981,142.78294,143.55702,149.01797,149.29764,140.92227,154.8313,155.92404,144.85587729861746,142.08794617539667,145.22587245514757,142.85458813507242,144.76392028453378,142.6396614211616,143.66276967753763,143.14930559245255,143.14981079101562,142.78294372558594,144.77862930297852,143.07495880126953,143.16628522539693,142.83618677690265,143.14981079101562,140.92227172851562,131.76021
ID40,1998-02-01,146.76096,152.25592,147.54288,146.78694,138.09752,143.02911,147.64357,150.54681,146.03505,155.46036,139.62585,148.92797393073712,147.57260358332726,146.99047798449408,146.05741571804987,146.93069783917232,146.37359608944013,146.44054679390823,146.32949865693118,146.7869415283203,138.09751892089844,147.19715690612793,146.38189888000488,146.729411550398,146.6876324763918,146.7869415283203,146.03504943847656,127.87698
ID40,1998-02-08,139.99426,140.11095,142.03883,139.22737,137.39687,139.90552,140.24017,142.15225,139.5355,153.90645,139.71089,142.36200301287892,140.23042405986058,141.02006601316026,139.7073795970922,141.13843223640313,139.62254785066887,140.6467215713127,139.9445837545241,139.2273712158203,137.39686584472656,141.60255241394043,140.0451946258545,140.3606876934972,139.9297432873376,139.2273712158203,139.53550720214844,109.665535
ID40,1998-02-15,135.59048,139.66399,133.54184,133.59874,136.57513,135.64104,139.18158,136.66277,133.1287,152.88722,156.9161,138.59230303502434,135.17506542201403,140.0352865686784,136.27314143261003,139.21404844908457,136.69298989247898,137.41697920030987,135.82539443564076,133.59873962402344,136.57513427734375,138.33500289916992,135.55033493041992,137.1817696135456,135.76520986002868,133.59873962402344,133.12869262695312,141.695
ID40,1998-02-22,145.36005,141.70937,137.59828,137.50536,135.76967,145.3365,141.19353,140.19225,134.68787,153.21251,155.92404,142.8558625050011,139.9724902190933,142.50467358064316,140.62957874200248,142.02550446004128,140.9457770867506,141.4394938177982,139.87263449704074,137.50535583496094,135.76966857910156,142.21065711975098,139.76991653442383,141.38006616131398,139.6272268355891,137.50535583496094,134.6878662109375,146.68367
ID40,1998-03-01,148.4565,151.58224,147.03717,144.81181,136.08485,144.39243,144.48163,142.90295,144.40822,155.65063,139.62585,148.43879553766726,146.9770265320042,146.35239180880032,145.10500076485897,146.34051540447206,145.69549921026606,145.90506405100334,144.82997787741115,144.8118133544922,136.08485412597656,146.56215858459473,144.95952224731445,146.30735753790194,145.31001230124033,144.8118133544922,144.40821838378906,133.95691
ID40,1998-03-08,140.57242,144.06342,141.38806,139.4614,129.39444,137.87952,135.3592,137.02374,137.28207,155.6514,139.71089,142.55277894778897,140.3270202232142,141.38525054151955,138.16925473308999,141.31191739957364,138.6063109496895,139.48607692828853,138.172070786214,139.46139526367188,129.39443969726562,140.4712314605713,138.3831329345703,139.66879114917742,138.51246268673682,139.46139526367188,137.28207397460938,138.08107
ID40,1998-03-15,126.85693,135.18124,135.14444,132.97365,129.53549,128.43755,136.23483,136.71216,133.09056,151.8835,156.9161,135.5871681763053,132.35703837977456,138.9812428459529,131.36243235993294,138.37530140860864,131.25792094097474,132.94573455316498,132.11566201522095,132.97364807128906,129.53549194335938,134.5309543609619,132.24150276184082,132.46091678211593,132.2255228508506,132.97364807128906,133.09056091308594,150.68027
ID40,1998-03-22,131.89906,133.5625,135.4748,134.69011,133.60007,137.43947,136.42172,136.74754,134.11429,151.53381,155.92404,137.1059000843291,134.26030494606928,139.21184124955263,134.21717629471067,138.80916086453212,133.83646977970585,135.51242769234258,134.4992852253742,134.6901092529297,133.60006713867188,136.82769203186035,134.69097900390625,134.8543640067595,134.28128866507387,134.6901092529297,134.11428833007812,157.48299
ID41,1998-01-04,136.78905,140.52956,135.98836,133.13693,123.554596,128.2048,134.13506,125.4881,132.85358,159.37927,132.31293,133.1608238745844,131.5329147161821,136.56503483487595,133.98299111006088,136.35283341986366,131.8573194770902,135.31333567878627,131.48630762552227,133.13693237304688,123.55459594726562,136.46470260620117,132.19288635253906,134.72698200056425,131.43306962104117,133.13693237304688,128.20480346679688,128.61395
ID41,1998-01-11,129.38037,136.4332,138.68686,137.47209,126.54258,136.74028,140.82182,133.96062,136.7214,164.2311,166.72336,134.4155994865056,134.449767705553,143.78227321586877,140.6469277338179,143.14200412309103,137.67406108258857,137.96395518635882,134.66556425466365,137.4720916748047,126.5425796508789,138.78853702545166,134.91089153289795,137.50441039244132,135.6167439527174,137.4720916748047,136.7402801513672,147.03798
ID41,1998-01-18,146.23802,147.56798,150.53732,142.91293,136.45172,139.9874,144.38484,136.91582,136.10953,168.24925,210.26077,144.08842939047202,141.74088512030286,158.48153517746093,151.6729354988329,157.36914953576775,147.9299225644977,146.08321908410105,141.58512714810226,142.91293334960938,136.45172119140625,147.0411834716797,142.27407836914062,145.63844459517216,141.5972089688367,142.91293334960938,139.98739624023438,124.81576
ID41,1998-01-25,142.59836,148.27248,147.81866,144.33528,139.97885,141.91827,140.4034,145.2508,135.73186,162.09964,141.92177,142.92519848438187,142.52697183533178,144.9384865649476,143.92617824212027,145.20105514060072,143.4664139264133,145.3341061055359,142.38777040162523,144.3352813720703,139.97885131835938,145.9281177520752,142.74658393859863,145.25444194464814,142.9013427813293,144.3352813720703,141.91827392578125,125.524376
ID41,1998-02-01,153.36212,148.74284,148.46365,151.98473,138.79678,142.5318,143.55692,143.22523,138.28929,161.72313,132.31293,146.2923729022881,144.49383967858975,145.31707778947123,144.56554866422525,145.75879499472003,143.17096918149096,147.6951481718321,143.98677217466434,151.98472595214844,138.79678344726562,148.6452465057373,144.62108039855957,147.4798491193923,144.24550375389492,151.98472595214844,142.53179931640625,110.5017
ID41,1998-02-08,141.7784,143.41295,146.34528,143.80855,136.15854,139.53416,146.42815,139.15175,139.82246,166.18512,166.72336,142.63312739986583,141.53814587234325,148.9967896434511,146.30192178538005,148.62805893653825,143.95321051052514,144.62442605180738,141.1521917186548,143.8085479736328,136.15853881835938,145.456392288208,141.57896041870117,144.09543938991595,141.47846956221363,143.8085479736328,139.53416442871094,120.416275
ID41,1998-02-15,140.9941,146.48694,145.03633,141.92664,139.04726,143.09222,147.95686,139.92505,139.897,171.9762,210.26077,143.58986940530357,142.48072990891865,157.30767605049994,152.54190004133457,155.74305199910657,149.363164382847,146.40982310818026,142.51593886126733,141.9266357421875,139.04725646972656,147.06456756591797,142.80447006225586,145.66885812228975,142.61167261237665,141.9266357421875,143.09222412109375,131.9728
ID41,1998-02-22,139.2963,140.3587,143.37297,139.76857,135.11804,136.11339,142.99455,136.82841,141.04373,168.325,141.92177,139.95996643015567,139.44127319314146,142.80958168566661,142.5152644180474,142.82811013818625,140.82517750234578,142.3403747150972,139.06937659968895,139.76856994628906,135.1180419921875,143.1684398651123,139.39076232910156,141.61178448894736,139.19193629856943,139.76856994628906,136.11338806152344,130.71146
ID41,1998-03-01,152.3761,150.51653,149.57489,148.64801,146.99022,142.7095,148.50824,151.99014,145.33188,158.61554,132.31293,149.16726858917042,149.3395056501563,146.4103673369314,146.93229592480324,146.7413426577387,146.9340960534367,149.2352120977457,148.15133070920947,148.64801025390625,146.99021911621094,149.74237823486328,148.49968719482422,148.85400992675287,147.77781840720675,148.64801025390625,142.70950317382812,160.78514
ID41,1998-03-08,158.04556,147.63525,145.82135,143.37036,144.48611,143.2595,146.71082,147.15813,152.95622,166.40674,166.72336,148.2273593368479,148.75693907872162,152.58325855945077,151.8534336035674,151.76803797413666,149.25855022521117,148.86540608488752,147.96350357770885,143.370361328125,144.48611450195312,149.46696281433105,148.25911903381348,147.82990101707387,146.3817148589121,143.370361328125,143.25950622558594,174.4331
ID41,1998-03-15,142.08661,144.41577,142.258,140.65402,139.66016,143.81897,143.23228,139.01389,147.72449,164.4386,210.26077,142.10451021620852,142.16632781829026,156.9942567722158,152.6590950825299,155.1622306114523,149.3178526791234,144.66796225874734,142.75054902531778,140.65402221679688,139.66015625,145.0705509185791,142.77626991271973,144.07925071257552,142.64806525591797,140.65402221679688,143.8189697265625,153.40137
ID41,1998-03-22,148.89612,151.51424,146.52663,143.48154,142.17352,145.71762,142.19423,143.2712,144.268,166.55032,141.92177,145.34386642826883,144.87236524512872,147.04281941607582,146.95111900177082,146.92059026905574,146.03016771745442,147.84680954327027,145.28813795958507,143.48153686523438,142.17352294921875,148.38177680969238,145.57019424438477,147.40889115779018,144.9863372991577,143.48153686523438,145.71762084960938,155.59807
ID42,1998-01-04,137.3039,131.31828,142.26588,138.28058,133.04979,146.47993,141.33452,146.55737,138.46143,154.5012,157.55385,139.95148250729892,140.53545217295812,142.33884666049562,138.92784078810595,142.52274376992733,139.05426187930127,140.0077860468872,140.44833480440613,138.28057861328125,138.28057861328125,140.5667610168457,140.57644081115723,141.08282485760864,141.80639233918984,138.28057861328125,138.28057861328125,138.43538
ID42,1998-01-11,128.47153,128.88136,145.13062,139.29698,133.39824,148.5503,146.96446,148.97118,138.31628,158.92403,161.55046,140.8770940799069,141.61595222840756,143.16463087027165,138.6112112996422,143.58532628504665,138.66637484011255,140.3680515941796,140.9634814615455,139.29698181152344,139.29698181152344,141.2021884918213,141.25479888916016,141.8676198592472,142.65793030891626,139.29698181152344,139.29698181152344,132.86565
ID42,1998-01-18,120.7802,132.02298,147.22508,140.38765,140.8929,156.82222,150.00331,151.05882,147.64491,158.13194,192.81462,142.77072547031904,143.0839903029795,151.15253862797346,140.3967393991441,150.79464312923668,139.71894620853436,141.7302386328682,142.04940586242228,140.3876495361328,140.3876495361328,143.2832851409912,142.5628604888916,142.96360916491108,143.80880427848123,140.3876495361328,140.3876495361328,127.89116
ID42,1998-01-25,136.39276,148.56085,150.62013,147.01862,144.82828,153.48749,150.01564,150.03055,147.08405,153.83269,135.77098,147.50065074293778,147.47477670151835,145.88469896415955,147.3278669020055,146.4182042042264,146.7547160543661,147.53728261560116,147.5219884480395,147.01861572265625,147.01861572265625,148.09455680847168,147.66243934631348,147.9844514390531,148.12853515216702,147.01861572265625,147.01861572265625,133.90022
ID42,1998-02-01,145.74133,144.72182,159.23212,158.25056,147.17792,153.84712,151.98428,154.00302,144.10278,158.93,157.55385,152.88903978218025,152.99773970047073,152.97394215601702,152.3703181762227,153.85307855023495,153.15148903465473,152.8303494896354,152.91668289545248,158.2505645751953,158.2505645751953,152.48564338684082,152.50513076782227,153.81172514299,153.46608448081162,158.2505645751953,158.2505645751953,155.34297
ID42,1998-02-08,141.06667,136.58517,152.71367,147.48694,144.40707,149.65248,151.32883,153.92775,142.80783,161.08665,161.55046,148.2277063118845,149.03277804890382,148.95806449150427,146.11136661359382,149.5547049472232,146.52181953851564,147.80721018797166,148.43950769659634,147.4869384765625,147.4869384765625,148.04093551635742,148.57534408569336,148.98129691736125,149.26589549206275,147.4869384765625,147.4869384765625,152.22505
ID42,1998-02-15,147.42152,141.92244,146.41618,143.38478,144.31064,154.2459,156.77419,154.68733,143.83527,160.50047,192.81462,149.0649829456963,149.58888112032076,154.1506183057053,145.52900744438458,153.3769205214215,145.79045354882513,148.43593584281192,148.87571835460145,143.38478088378906,143.38478088378906,149.37201499938965,149.4271945953369,149.0954767622988,149.35872604346503,143.38478088378906,143.38478088378906,160.9127
ID42,1998-02-22,133.57202,141.67332,149.39183,146.35857,145.78311,155.48671,153.21973,156.08107,146.2444,163.04456,135.77098,147.8879701239566,148.647913504633,144.41791112881836,145.79882217576662,145.1333853689887,145.5491050293907,147.5793523299732,148.17712985577168,146.3585662841797,146.3585662841797,148.56623077392578,148.6405258178711,148.6214562600592,149.11846371561865,146.3585662841797,146.3585662841797,148.38435
ID42,1998-03-01,151.66147,146.4495,160.53517,157.9171,157.81105,153.50703,155.7023,162.40623,154.47018,156.41011,157.55385,155.9677481023032,157.16839418779938,155.40670465939624,155.01523620680373,156.09942661681515,155.65509569138706,155.29279582823648,156.23397072869247,157.91709899902344,157.91709899902344,154.9992160797119,156.11161613464355,155.74752815299144,156.26576437203525,157.91709899902344,157.91709899902344,143.4949
ID42,1998-03-08,145.04628,139.8383,155.66885,149.60559,152.90257,149.89822,153.68643,152.48936,150.45119,159.07857,161.55046,151.32247130383107,151.6100838497043,151.8624360323445,149.4081538403714,152.3997029058471,149.53831240771905,150.60185999007408,150.86365647352818,149.6055908203125,149.6055908203125,150.71560287475586,151.03949546813965,151.38587590811005,151.3643016551261,149.6055908203125,149.6055908203125,133.27664
ID42,1998-03-15,139.19597,132.33647,150.99747,144.33638,150.75397,150.91994,153.247,152.76457,145.10194,155.3897,192.81462,147.93320320665606,148.4882619630836,153.09813911709955,143.89027288764223,153.0101628478827,144.3131094756864,146.46549249933142,146.9821058631992,144.3363800048828,144.3363800048828,147.14710998535156,147.37768936157227,147.2471246333273,147.21256695249835,144.3363800048828,144.3363800048828,136.52211
ID42,1998-03-22,135.81406,143.43277,150.92284,145.01265,153.6833,156.4285,154.90237,159.15173,150.84612,157.48718,135.77098,149.48529792169884,150.5266044059248,145.52029219393788,146.71175250689487,146.22684074829294,146.2929286400877,148.57767922549374,149.42530695426225,145.0126495361328,145.0126495361328,149.71045875549316,150.0508632659912,149.04141813914782,149.59928714247854,145.0126495361328,145.0126495361328,159.70805
ID43,1998-01-04,109.1156,104.192696,114.497826,102.30857,99.56639,102.102806,108.10705,109.47031,106.49378,133.53078,130.21542,111.01722317143422,114.08837948735103,113.4477744608422,111.83983234017781,113.47836916051327,110.40839812300747,110.87387051511463,110.95644321466946,102.3085708618164,109.1156005859375,109.17771434783936,110.96457576751709,111.38261792992078,111.16749708874795,102.3085708618164,109.1156005859375,109.65136
ID43,1998-01-11,109.430984,110.1523,115.5254,106.81093,102.9739,108.290504,111.73363,115.22756,109.2613,138.95963,140.46202,115.11503290493641,117.71475125179913,117.96461062706777,115.42311818039094,117.58512601414671,113.62229606919679,114.22064940260887,114.42929035332276,106.81092834472656,109.43098449707031,112.98465824127197,114.63771533966064,114.7092154337242,114.67826714394005,106.81092834472656,109.43098449707031,111.72052
ID43,1998-01-18,115.8985,116.92867,119.95986,109.88668,111.18839,113.77015,115.19265,124.79101,112.38593,142.73409,183.20578,120.8852102162493,123.33229935334101,129.60187266680387,120.4927043634361,128.30339738098135,118.28311646690133,119.26660947306742,119.53597764506715,109.88668060302734,115.89849853515625,118.19487380981445,119.7221736907959,119.712811345206,119.83075257765374,109.88668060302734,115.89849853515625,113.10941
ID43,1998-01-25,111.60084,117.02083,116.63626,109.66029,112.08049,114.12437,115.55591,117.492256,113.060844,134.95105,114.56916,118.24847361211849,119.37031468039953,115.58868249987437,117.53414933468453,115.6172026814143,115.79078479229808,116.77474830075131,116.77855361488201,109.66029357910156,111.60083770751953,116.45375442504883,116.99728488922119,117.06731800393462,116.91055975161102,109.66029357910156,111.60083770751953,121.98129
ID43,1998-02-01,128.88905,120.765625,124.08853,118.4041,114.66735,120.5669,123.80842,127.29877,121.04909,136.23586,130.21542,125.45331311223464,127.73894878731926,124.33700726239107,125.50768406105365,124.32303177405609,123.87665421908733,124.63527083749597,124.99245189804674,118.40409851074219,128.88905334472656,123.42822933197021,125.0674295425415,124.87458655022151,125.1321676898592,118.40409851074219,128.88905334472656,126.87075
ID43,1998-02-08,134.76189,118.557106,119.32299,112.555824,106.59109,112.33496,119.87901,123.59592,115.608025,141.74298,140.46202,124.72338830747745,129.0100099259597,123.69797698794403,124.50546700546799,123.1741131327524,121.45238544762204,123.57725442536402,123.75933564071921,112.55582427978516,134.7618865966797,120.71823120117188,123.25296783447266,123.93120834193967,123.74960705173126,112.55582427978516,134.7618865966797,140.46202
ID43,1998-02-15,133.94278,127.65347,120.436104,112.6352,110.160194,112.82506,121.00528,126.9173,114.53343,146.29822,183.20578,127.43798920660397,131.79472671444375,133.55879877630704,127.04417055027636,131.79537437312496,123.41793049230755,126.2515235491948,126.20560187649716,112.63520050048828,133.94277954101562,123.11953830718994,125.4277229309082,126.53025650079279,126.02751278003771,112.63520050048828,133.94277954101562,129.53514
ID43,1998-02-22,120.9301,119.85692,119.07555,109.84368,111.20257,112.61127,112.96798,122.66763,113.79184,144.93951,114.56916,122.748601483275,125.746612712565,117.88552571328974,121.68543512132443,117.9208440743584,119.06661959012021,120.78919180558042,120.86226225959496,109.84368133544922,120.93009948730469,118.92844676971436,120.50915145874023,121.23708176346652,121.03857639833645,109.84368133544922,120.93009948730469,129.90363
ID43,1998-03-01,136.59723,120.66424,123.38742,118.96873,120.20644,122.34314,125.78498,125.88841,119.54151,133.41948,130.21542,127.70609895195874,128.82486297092743,124.26109210493766,126.31963637583951,124.26427450832821,124.49946649894775,126.0715846711915,125.88329667961247,118.9687271118164,136.59722900390625,125.17145729064941,125.5314998626709,126.24719883075008,125.79099891524007,118.9687271118164,136.59722900390625,148.32767
ID43,1998-03-08,131.98537,121.681595,121.48474,115.92163,116.342865,119.30848,124.14407,125.70452,119.26545,139.8874,140.46202,126.91698983621907,129.15644976291102,125.53642213499324,125.80662496484013,125.06351861378207,123.1980522007648,125.09788494419878,125.12387212169354,115.921630859375,131.98536682128906,123.84451961517334,125.00934791564941,125.36005290894829,125.1459482599501,115.921630859375,131.98536682128906,129.32256
ID43,1998-03-15,132.76544,122.93823,120.9129,115.89934,113.19317,115.49539,116.15401,122.454475,113.82227,140.32962,183.20578,126.15101969664954,128.6302175117366,132.7121692168461,124.89297518428467,131.2349148980293,122.78750464538861,124.7538973181857,124.37233545833524,115.89933776855469,132.76544189453125,122.211012840271,123.15953636169434,125.06789102252307,124.1692392585653,115.89933776855469,132.76544189453125,121.074265
ID43,1998-03-22,123.69597,121.07411,122.22194,116.06286,116.1827,115.835815,116.72122,124.46289,113.78448,141.70898,114.56916,124.38983801814533,126.34909545136796,119.61802953807103,123.74308542751565,119.8874073422444,122.08763112697854,123.26963716696193,123.03844129289143,116.06285858154297,123.69596862792969,121.68795013427734,122.46655654907227,123.64605447019262,123.05476698524348,116.06285858154297,123.69596862792969,134.49547
ID44,1998-01-04,100.094025,93.88487,103.09502,100.55168,87.90906,92.69787,98.19534,90.79795,102.81365,120.93158,122.27891,99.7071887999458,95.5547403055679,105.33397882979685,102.45731801616874,105.0635379432663,99.62389129876087,96.87913499310056,97.46450259083883,100.55168151855469,102.81365203857422,99.66993045806885,97.16769981384277,97.41667416407935,97.44664952664516,100.55168151855469,93.88487243652344,85.92687
ID44,1998-01-11,93.73714,92.9934,106.343,102.66122,88.27577,93.07078,97.916824,95.1506,101.13594,123.89747,126.09127,100.17102195145273,95.67689988210981,106.45825006165805,100.39039313597085,106.41312693761688,97.50267680983656,96.25788958951291,97.13684489618456,102.66121673583984,101.13594055175781,99.8619499206543,97.27673625946045,96.53761750247877,97.03822696816385,102.66121673583984,92.99340057373047,92.21939
ID44,1998-01-18,95.01617,97.975945,108.76371,103.98839,95.46254,95.23314,103.92163,102.21433,101.30838,125.24984,157.29875,104.24804466585512,100.4490290469244,114.053019020433,106.00242474116806,113.3021013974667,101.82297701013934,99.92035921118696,100.72905438961344,103.98838806152344,101.30838012695312,103.20141983032227,101.08138656616211,100.22846160409492,100.71496676783727,103.98838806152344,97.97594451904297,105.31463
ID44,1998-01-25,100.69097,106.83896,112.22665,110.078865,100.89336,100.17802,107.651955,101.18118,104.66218,119.715546,103.13209,107.62038094415712,104.74606723187881,107.84865347757946,103.93927123543098,108.25534754414969,104.54855394560452,105.57446973444742,105.36102514663446,110.07886505126953,104.66217803955078,107.28428936004639,105.52801418304443,106.04894839028628,105.46119921169826,110.07886505126953,106.83895874023438,100.90703
ID44,1998-02-01,116.640854,104.13049,120.5305,119.95099,105.890526,106.46604,116.13033,110.79427,113.4061,124.127975,122.27891,111.93955152347732,110.46781069089619,116.60177956804542,113.65940856448663,117.1712478746483,111.62519048494639,112.88286153710257,113.21557224185665,119.95098876953125,113.40609741210938,114.23346424102783,113.43425846099854,113.26048586235258,113.16299399955054,119.95098876953125,104.1304931640625,158.5034
ID44,1998-02-08,111.0066,102.23854,116.62149,114.129684,100.7963,103.58257,107.67474,101.58023,106.9388,126.99536,126.09127,109.00229397198757,104.39289249317821,114.10886886541553,109.80433300774767,114.47072558292295,107.70298919215978,108.02327211651432,107.49300839304516,114.12968444824219,106.93879699707031,110.3806619644165,107.62329864501953,108.31246792198314,107.4838818986187,114.12968444824219,102.23854064941406,109.28288
ID44,1998-02-15,109.430954,105.56912,113.48693,109.48203,100.91801,101.18623,112.021454,111.062454,106.33695,128.76024,157.29875,110.50863061395826,107.57163854072374,119.05451758788178,113.76173280572874,118.31314920792887,110.20428302325034,107.80057951751868,108.40997364331949,109.4820327758789,106.33695220947266,110.10687160491943,108.53848838806152,108.48234070380235,108.6910558441504,109.4820327758789,105.56912231445312,123.79535
ID44,1998-02-22,112.73712,95.23468,111.299736,108.50752,97.31799,100.9475,102.64658,109.99908,107.416214,129.11432,103.13209,105.82794544808611,102.65490412660667,106.88113476622988,105.77324244889532,107.5916854673701,104.07870764316651,104.17780010903999,105.54506577169732,108.50752258300781,107.41621398925781,107.22568225860596,105.64486598968506,104.33560576282804,105.45504208235567,108.50752258300781,95.23468017578125,83.80102
ID44,1998-03-01,120.073494,106.21812,122.5148,119.317375,112.21254,113.51862,117.94611,115.68887,118.175835,121.56733,122.27891,114.55103085878605,114.15226177578381,118.20951218253508,116.64711932135465,118.85374262316188,114.51107384229739,115.78556695345651,116.31609831359165,119.31737518310547,118.17583465576172,116.67104911804199,116.51839351654053,115.72712266951797,116.0831544170078,119.31737518310547,106.2181167602539,143.9059
ID44,1998-03-08,112.47156,102.144325,118.57981,113.83523,108.80936,108.613914,113.31018,110.16099,108.86959,124.92992,126.09127,111.83309976197316,108.64570689646776,114.81671700270779,110.82611188914704,115.37039925276898,108.6868051122048,110.80831580501895,110.59855462707532,113.8352279663086,108.86959075927734,112.8367862701416,111.022629737854,110.66845159239904,110.43614525616401,113.8352279663086,102.14432525634766,117.06349
ID44,1998-03-15,108.77735,96.302826,114.86765,107.43978,103.68153,105.26861,104.83082,106.95948,103.71052,122.6011,157.29875,106.83439448506931,102.96516518897036,116.66932910273175,110.60337269128459,116.54838062862976,105.76025539120882,105.47051557533268,105.36987624338344,107.43978118896484,103.71051788330078,107.9712085723877,105.82124519348145,105.12308980320388,105.15410780022121,107.43978118896484,96.30282592773438,115.249435
ID44,1998-03-22,104.63576,100.861885,114.14123,109.060265,105.82045,106.46141,110.39915,110.34388,104.96307,124.134605,103.13209,109.80333566829307,106.33901829453927,107.58911694909892,103.84790121963111,108.4455094455472,103.57791320740701,106.90639734736575,107.00353930035729,109.06026458740234,104.96307373046875,109.43934345245361,107.52821063995361,106.68719437861992,106.89768206088337,109.06026458740234,100.86188507080078,120.3373
ID45,1998-01-04,123.962166,113.02538,116.21755,101.182686,117.38591,113.345535,113.94287,118.7266,120.94077,131.00885,101.26134,116.10084119979629,116.3755720473322,113.00347920977163,118.66922470528203,113.3295397553455,118.39329992879962,116.36981430001563,115.77062341778306,101.18268585205078,118.72660064697266,116.25886917114258,115.59832572937012,116.25275411487395,115.6974311516894,101.18268585205078,118.72660064697266,106.037415
ID45,1998-01-11,109.67938,110.928665,114.746445,103.443825,118.60701,116.93034,111.51966,116.46814,108.941246,133.88008,129.16667,115.31457387574359,113.40962862797195,115.13072897579764,115.50059975751849,115.071330061851,115.08768833486081,115.07173186736632,112.4916000547748,103.4438247680664,116.4681396484375,114.96692657470703,112.46813201904297,114.5885962416793,112.3652938117673,103.4438247680664,116.4681396484375,83.19161
ID45,1998-01-18,107.19154,123.676186,115.84013,105.53255,123.08417,125.39377,125.43709,119.70699,115.28744,135.34415,163.9881,120.34049948559229,117.92643705542939,125.35866693136731,119.5154048884867,124.03802600296875,119.29467929497,119.26043254141284,117.11141209199468,105.53254699707031,119.70699310302734,120.1874475479126,116.96409702301025,118.68869043127026,116.84147410886787,105.53254699707031,119.70699310302734,95.86168
ID45,1998-01-25,111.59611,124.16303,114.51071,107.70016,119.00799,117.21879,121.48404,121.85213,116.91897,133.24382,123.696144,117.91005998519421,116.90440908055129,118.3505690897155,119.84664995361301,117.68801660514114,119.67812696536664,118.03791615026768,116.84604165786875,107.70015716552734,121.85212707519531,118.61558055877686,116.62098503112793,117.81790469018938,116.81471812897921,107.70015716552734,121.85212707519531,98.8237
ID45,1998-02-01,110.401596,121.97314,121.521545,114.35306,113.186264,117.9444,127.03619,121.02312,116.3495,133.35503,101.26134,118.84322570728978,117.02276863916943,116.1841549594107,120.44873309560019,116.67458140406423,120.05695963946118,118.6981744457905,117.1859622796114,114.35305786132812,121.02311706542969,119.97140121459961,117.09407711029053,118.53579882921682,117.21995560447718,114.35305786132812,121.02311706542969,116.56746
ID45,1998-02-08,110.463005,125.3829,117.105736,108.184746,110.0516,118.30864,123.85541,120.778305,119.165115,134.00172,129.16667,117.06162281876233,116.15437805748633,120.60998601442503,120.42257821487058,119.9387067453616,120.12679977741602,117.52967602788968,116.48288282043312,108.18474578857422,120.77830505371094,118.41921901702881,116.18000507354736,117.34028417708865,116.42756297893311,108.18474578857422,120.77830505371094,113.39286
ID45,1998-02-15,118.03669,129.89435,118.01843,108.89027,120.01598,121.32842,133.38268,121.045334,122.25902,138.17801,163.9881,122.24695436680811,120.02458015804892,129.2958311735071,123.38623150235748,127.67343282723458,122.72753443216847,121.96291833543187,120.16051794460273,108.89026641845703,121.04533386230469,123.46810340881348,119.93606185913086,121.78129635165148,120.12507163593298,108.89026641845703,121.04533386230469,110.85601
ID45,1998-02-22,111.33754,123.01626,115.063,107.66245,114.82645,110.54929,128.57869,123.61623,118.093925,137.82654,123.696144,116.82326284718,115.50770724137395,118.6774280296841,120.48703806557265,117.9722227612249,120.18245706121976,116.8480732226699,115.7886675899682,107.6624526977539,123.61622619628906,118.60752773284912,115.52064323425293,116.78098302201069,115.88984896848332,107.6624526977539,123.61622619628906,107.62472
ID45,1998-03-01,107.255264,125.97948,121.11612,116.86333,116.54459,108.80858,131.13074,123.26743,121.85722,131.79349,101.26134,118.0960206392752,117.38225808224715,117.73752062958127,121.0524964236213,117.79187172662918,120.8034761330601,117.94787747979069,117.77736942463702,116.86332702636719,123.2674331665039,119.936448097229,117.71150207519531,118.10104933738575,117.94760205962285,116.86332702636719,123.2674331665039,129.80443
ID45,1998-03-08,118.07773,118.32489,116.78157,109.20413,112.4297,114.519104,125.57686,129.61957,123.30164,134.45732,129.16667,117.3629226105641,118.14888224883141,120.45016311310826,122.72356943034073,119.88693276289547,123.17864814766297,117.46340668762794,118.21047594995812,109.20413208007812,129.61956787109375,118.67141342163086,117.78229236602783,117.35802290103874,118.16875005553534,109.20413208007812,129.61956787109375,112.41496
ID45,1998-03-15,107.422455,118.24301,115.044334,107.97347,113.124825,111.8104,112.91233,118.482895,117.977936,132.42271,163.9881,114.00978576342217,114.06001714713375,124.73955217631854,117.6605450171017,123.33656666373903,117.3478993294641,114.8219272359347,113.91557530884403,107.97347259521484,118.48289489746094,114.8691930770874,113.75991630554199,114.65382010210912,113.85623559462536,107.97347259521484,118.48289489746094,118.35317
ID45,1998-03-22,102.022675,121.309235,113.19767,109.12514,117.95185,116.684235,125.170334,122.59621,119.127075,134.24463,123.696144,116.71420337571446,115.98027782348271,117.5376654906159,119.11433950170706,116.81411012920373,119.2397044254462,116.05056581713552,115.49175377955792,109.12513732910156,122.59620666503906,117.46322059631348,115.25176048278809,115.66415052477268,115.26441517482449,109.12513732910156,122.59620666503906,105.881516
ID46,1998-01-04,226.53873,221.05692,233.97057,219.88696,197.18997,194.50969,193.36897,210.55609,194.79019,254.47319,263.13776,218.20584650065064,224.798510886648,229.7397756318317,229.28905135636043,229.90997168685834,231.75310071414708,224.37492115675238,230.90380943112172,219.886962890625,219.886962890625,217.62437438964844,226.20288276672363,223.06933588806163,230.3913097918308,219.886962890625,219.886962890625,209.04195
ID46,1998-01-11,241.98538,232.20923,236.83792,228.16551,184.55208,204.53047,211.63571,238.02626,181.45134,262.27762,259.19785,223.7503751489035,229.0051126320579,231.93649286013772,235.90291753323277,232.3525921564202,238.65458659687954,232.75346437132177,237.50913756876542,228.16551208496094,228.16551208496094,225.2742404937744,232.10766220092773,231.5547448775123,236.95792159982759,228.16551208496094,228.16551208496094,223.32767
ID46,1998-01-18,258.6943,233.6948,238.14613,225.38196,192.84868,208.60094,209.89738,219.24496,207.27692,265.6582,322.0663,225.4328996283319,236.12576079958495,248.96079131618293,246.50683997162184,247.46042302673158,250.07956037388132,236.6508979180752,249.58657024543228,225.3819580078125,225.3819580078125,229.11529922485352,243.29847145080566,235.3021648877444,249.4686518048412,225.3819580078125,225.3819580078125,221.30103
ID46,1998-01-25,245.1356,228.85895,226.54005,217.56622,200.44522,207.2594,208.03583,227.77989,226.05472,250.95236,226.61565,219.8484707165121,221.7626206966211,228.12472295383532,228.6840408041824,227.73190106510918,229.74633629945004,228.4733220712949,229.0306250738645,217.56622314453125,217.56622314453125,223.09920501708984,225.51873588562012,227.470298459564,228.3144964380593,217.56622314453125,217.56622314453125,248.76701
ID46,1998-02-01,258.60562,244.37532,239.38373,230.483,176.88954,213.06583,214.75629,208.03455,223.69142,256.5215,263.13776,224.81493269117345,229.57369742016758,243.09827146583874,240.4088845202932,242.3354681953765,243.8713991090732,237.5007287151162,241.9987549093492,230.48300170898438,230.48300170898438,229.26010513305664,235.51909637451172,236.1680741549118,241.28280792643858,230.48300170898438,230.48300170898438,258.46088
ID46,1998-02-08,264.3571,245.53723,239.56265,230.87277,166.99503,203.60161,194.74203,211.23973,214.953,269.4769,259.19785,221.8064471471773,227.13803823757434,242.29074154039307,241.0477951076772,241.6051413835503,245.37802133905672,238.36028845999903,242.58874395095987,230.87277221679688,230.87277221679688,226.89316368103027,233.84269332885742,236.29177647544017,241.26379366422748,230.87277221679688,230.87277221679688,242.87132
ID46,1998-02-15,262.39645,238.6974,232.16429,225.65712,198.54651,213.56766,226.474,207.72539,223.32848,274.04086,322.0663,229.23407407321784,239.45490398751573,251.615417620632,249.7420824701944,249.113813190128,252.68013443225504,240.34488009851617,252.71882775712808,225.65711975097656,225.65711975097656,233.94303703308105,247.50536918640137,239.3413528812448,252.86349776262153,225.65711975097656,225.65711975097656,257.10034
ID46,1998-02-22,241.29395,231.97978,222.26288,214.02408,188.34567,192.78413,204.83253,204.23433,220.06177,267.69037,226.61565,217.0186367725267,220.3849236256956,226.92923793153108,228.6737792281433,225.96194914216795,230.35138565926545,228.1231961054338,229.27189687241088,214.02407836914062,214.02407836914062,220.40167427062988,224.63061332702637,226.80412237524888,228.41074705049832,214.02407836914062,214.02407836914062,255.95238
ID46,1998-03-01,251.33228,229.29375,230.20998,224.25009,180.92462,196.89198,200.8153,195.56253,198.71512,252.0719,263.13776,217.27312995239532,223.61384925502986,232.73880688201018,233.49651127116496,232.22993838111591,236.5196814088195,229.17371322609966,235.12926926812833,224.25009155273438,224.25009155273438,220.7237377166748,229.00445938110352,227.69449937111136,234.43745351448135,224.25009155273438,224.25009155273438,253.8974
ID46,1998-03-08,252.41342,228.5199,234.13933,231.24225,183.60315,189.10336,197.38306,199.07133,181.95793,266.14188,259.19785,220.67218606813304,227.47397091309878,231.82349327302774,236.7219574200933,231.93470591412907,239.70576738156404,232.8838525545531,238.2192578740149,231.24224853515625,231.24224853515625,222.81829261779785,231.58010292053223,231.0995681032429,237.28971332841928,231.24224853515625,231.24224853515625,207.80896
ID46,1998-03-15,241.9902,226.72841,228.30989,225.1853,178.88034,193.46335,183.60966,206.56696,188.17316,266.77512,322.0663,216.1395284834985,228.29228293581824,241.348969334142,238.99173843118592,239.56192575745433,243.96842156399956,227.95269217913824,242.34334042967038,225.185302734375,225.185302734375,218.11778450012207,234.1931552886963,226.07037153330214,241.89144416608517,225.185302734375,225.185302734375,250.9212
ID46,1998-03-22,237.85213,230.37947,222.38194,218.80864,193.43422,188.20703,190.25832,211.06946,174.76823,261.75812,226.61565,215.62932961742888,219.4502027613642,219.60420334983144,227.4162087481436,219.66532187741876,229.529980083534,226.33519174132203,227.83928967243543,218.8086395263672,218.8086395263672,217.88498306274414,222.68605995178223,224.70615093270698,226.74342019692799,218.8086395263672,218.8086395263672,259.1695
ID47,1998-01-04,189.34923,187.96933,185.16812,171.83257,152.60005,158.3256,145.93085,165.37817,162.8935,217.95233,211.86224,166.4842287870482,163.6000713671291,187.41834837649668,172.79405569818775,186.76146718126142,166.57873648883086,176.29087197392744,174.10157586860439,171.8325653076172,189.34922790527344,176.14101028442383,173.66726684570312,176.16026134987302,176.16026134987302,171.8325653076172,189.34922790527344,195.26643
ID47,1998-01-11,171.55043,182.02214,195.49939,185.19615,152.96555,175.08842,156.0508,177.64133,141.14569,225.44395,235.87018,168.64063626424513,167.14772807847567,190.85946915800892,181.3074049684135,191.32067959486957,172.46832304224728,179.781010995315,177.82031651323516,185.19615173339844,171.55043029785156,180.47710418701172,178.24484634399414,179.6547257451394,179.6547257451394,185.19615173339844,171.55043029785156,178.11792
ID47,1998-01-18,207.68259,194.2297,200.96982,189.37244,167.9118,170.03586,161.79364,177.76076,159.88187,233.7552,307.15704,181.3708768020969,177.73172121580535,213.4966225511571,197.94631010604087,211.7547106081758,181.02871378631224,190.99251955676488,188.42414090120383,189.3724365234375,207.68258666992188,190.71888160705566,187.8177490234375,190.91939934363748,190.91939934363748,189.3724365234375,207.68258666992188,191.6525
ID47,1998-01-25,198.32913,189.06783,203.44902,190.31783,168.62877,176.09544,158.46953,181.02826,168.75397,225.08536,190.4195,179.1538693576927,176.23339993113262,192.17872130891195,183.8646159191664,193.4233895989308,181.071936654009,188.68617530937684,186.21492734087906,190.3178253173828,198.32913208007812,188.68036270141602,185.8777675628662,188.62394369295822,188.62394369295822,190.3178253173828,198.32913208007812,186.72052
ID47,1998-02-01,217.38744,204.17754,201.80507,192.50983,158.69402,156.70445,155.29723,164.95149,165.78726,226.24492,211.86224,179.95604265527726,173.1483961416438,199.43587742705404,183.28765056242358,199.26995710248693,177.29706635542328,189.69851317596562,185.6129798368495,192.50982666015625,217.38743591308594,189.10256004333496,184.49586296081543,189.69344858065904,189.69344858065904,192.50982666015625,217.38743591308594,207.31293
ID47,1998-02-08,200.11494,181.27197,196.549,181.72592,154.7989,152.34642,149.47935,164.38667,145.01393,228.3137,235.87018,170.74351515050554,165.5502191113628,192.91337383581464,179.95509640238436,193.11782675219712,169.51618492911462,180.88108072976956,177.32546573398645,181.72592163085938,200.1149444580078,180.5750274658203,176.55473709106445,180.8451321278156,180.8451321278156,181.72592163085938,200.1149444580078,189.73923
ID47,1998-02-15,219.28845,194.3099,196.4908,184.30923,178.12727,167.30908,161.48991,171.74432,152.5883,232.82162,307.15704,184.34588013785236,179.49429887276787,211.25187555219017,198.55674041860766,209.30593574206327,181.95923126432524,192.5479513837565,189.7965094206034,184.30923461914062,219.2884521484375,191.76828575134277,188.67497634887695,192.46198905399206,192.46198905399206,184.30923461914062,219.2884521484375,145.62404
ID47,1998-02-22,211.63275,185.39838,209.27303,192.10585,178.48367,178.90057,163.29726,171.42136,161.36575,241.35684,190.4195,185.3625372717284,178.53363772081434,193.56669015942276,188.0583076834067,195.54981387567747,185.1870804258843,195.31538546155923,191.12214635460396,192.10585021972656,211.63275146484375,195.05604362487793,190.3245849609375,195.2501238099095,195.2501238099095,192.10585021972656,211.63275146484375,169.21768
ID47,1998-03-01,193.97952,212.86305,211.1455,195.30684,162.90253,168.89598,156.62915,153.63493,163.09941,221.08464,211.86224,180.6560075497607,169.6323388734765,201.67531521264618,183.44541031851986,202.12955359875977,179.03851371528464,190.12359405417166,183.75216995493588,195.3068389892578,193.97952270507812,190.3509006500244,183.1620807647705,190.02942297978782,190.02942297978782,195.3068389892578,193.97952270507812,145.6491
ID47,1998-03-08,209.92648,193.43372,201.54897,183.89673,161.08565,156.61012,151.03922,142.91702,153.9993,222.571,235.87018,176.5144716988345,164.60446063586835,198.31526576830765,181.9389026362969,198.31090088918788,172.53509744986167,185.50506587297062,178.99900295661323,183.896728515625,209.92648315429688,185.01398468017578,177.68499183654785,185.47974494717795,185.47974494717795,183.896728515625,209.92648315429688,175.46768
ID47,1998-03-15,201.42207,184.6056,198.64523,190.65338,165.98683,161.84288,142.56656,147.32285,157.08725,224.29375,307.15704,172.75183237387057,162.76832978878866,210.02435216881028,190.9002879914697,208.46586553287446,172.46743496131032,184.14957504544128,178.45548576191777,190.65338134765625,201.4220733642578,183.75203895568848,177.3367404937744,184.093292676622,184.093292676622,190.65338134765625,201.4220733642578,187.28741
ID47,1998-03-22,210.88264,191.69226,209.04959,193.8403,161.59091,164.72795,154.24559,162.83627,150.74413,237.54797,190.4195,179.2610587619325,170.98977178302957,192.9702955476369,182.22164516928882,194.74925854316132,178.25350046180213,190.71205767867482,185.59501193958502,193.84030151367188,210.8826446533203,190.44715309143066,184.67048835754395,190.687999756446,190.687999756446,193.84030151367188,210.8826446533203,163.13776
ID48,1998-01-04,111.74953,110.35021,113.512634,112.449066,106.72102,109.953285,112.04654,119.31789,113.870964,121.938324,124.88662,113.09310307759432,113.34912378558427,115.2904428922831,113.78729717650384,115.06872764270157,114.0878424979559,112.20174471082859,113.0530642894062,112.44906616210938,110.35021209716797,112.3400764465332,113.51065158843994,112.84781348428683,114.4759078065347,112.44906616210938,113.51263427734375,124.121315
ID48,1998-01-11,110.477455,117.1349,117.21356,115.49349,111.81293,113.451454,112.60541,123.557655,111.74527,127.22276,144.3594,116.54452173947084,116.79673042995003,121.27489856641823,117.69510013063169,120.69155702379761,118.29949135502093,115.58664128207494,116.51712486708836,115.49349212646484,117.13490295410156,115.67649555206299,116.93977069854736,116.46825492024786,119.60362744826939,115.49349212646484,117.21356201171875,92.318596
ID48,1998-01-18,100.624825,117.31519,114.731834,111.290596,113.42282,117.26149,119.733444,122.370674,114.53841,127.711685,152.62189,114.17197477496353,113.92005575395734,121.63095898244853,117.10160266168124,120.65203473363114,117.82103533059336,114.23442533556954,114.87040418558134,111.29059600830078,117.31519317626953,115.2614860534668,115.90013408660889,115.00914788906287,118.15924955904579,111.29059600830078,114.7318344116211,113.66213
ID48,1998-01-25,103.31862,122.83506,118.49506,115.848495,122.58158,121.94057,122.39077,133.67972,115.558426,121.96683,101.31802,116.81382625249952,116.39579187646183,114.6816351854344,121.1674868148905,115.00495818999073,121.53747661520572,117.92745071913974,119.27008942714959,115.84849548339844,122.8350601196289,118.67212295532227,120.13951683044434,118.25449565126488,117.96621411750563,115.84849548339844,118.49506378173828,122.22222
ID48,1998-02-01,121.08436,131.70868,128.3314,127.909386,134.58128,133.04282,130.09148,140.19952,126.280785,124.74928,124.88662,127.42808995668224,126.97026525402845,127.35668940475682,130.17974244764895,127.42335089234629,130.1296286812451,128.5878557748637,129.48736562504862,127.90938568115234,131.70867919921875,128.93733596801758,129.83192443847656,128.3615727937676,128.94407677127165,127.90938568115234,128.33140563964844,132.45465
ID48,1998-02-08,121.56641,125.465836,122.94111,121.20896,126.9042,128.80191,122.096535,134.37985,121.602104,128.08623,144.3594,124.41206932357363,124.05412173856965,127.12452499048554,125.53227239467273,126.6246589926235,125.72284491908715,124.15324660621653,124.90175987137647,121.2089614868164,125.46583557128906,124.63389778137207,125.33114051818848,124.07339625472608,126.62069759340464,121.2089614868164,122.94110870361328,113.59127
ID48,1998-02-15,129.24915,129.74402,117.20414,116.29143,124.31124,131.51495,123.66154,124.50128,118.91432,131.05513,152.62189,126.84415011431854,126.46329285702252,127.59415085937295,124.09749864717006,126.38483147128156,124.51272436044138,124.7014196773216,124.27064071758653,116.29142761230469,129.7440185546875,125.37894916534424,124.50224018096924,124.08563895148734,126.19836993016064,116.29142761230469,117.20413970947266,119.84127
ID48,1998-02-22,116.49376,122.93486,114.60685,113.647995,124.20593,131.44208,122.07326,121.50598,118.48471,128.20084,101.31802,121.0577098646349,120.21096864991516,114.99788855336497,120.63796221460876,115.05337768845598,121.0474933187778,120.33621442675255,119.78453709822001,113.64799499511719,122.93486022949219,121.70069599151611,120.45868396759033,119.90942587826383,118.23564389659902,113.64799499511719,114.60684967041016,99.8441
ID48,1998-03-01,123.22008,134.30763,128.7468,127.78035,134.03752,134.38026,135.78667,140.11668,131.83627,122.19294,124.88662,128.4285929798618,127.9432937783327,128.78549411005017,130.88861297748707,128.68795603891118,130.70552646013732,129.72188989685594,130.48673583064513,127.78034973144531,134.30763244628906,130.0565309524536,130.7735834121704,129.20142456753447,129.25748540362264,127.78034973144531,128.74679565429688,137.45749
ID48,1998-03-08,134.3105,140.34991,126.36074,123.86238,127.18889,128.22374,130.9567,130.65718,130.59406,127.66864,144.3594,131.95862197882093,132.2631642380462,133.13825942455588,129.81596222211488,132.1104918965117,130.09645683560683,130.39311819467142,130.5504270533212,123.86238098144531,140.34991455078125,129.8651876449585,130.16936779022217,129.9338923544655,131.06243599352922,123.86238098144531,126.3607406616211,117.984695
ID48,1998-03-15,123.53832,131.15604,122.22649,121.53951,128.91328,126.7416,124.22601,124.98548,120.796104,126.11515,152.62189,125.94318049244993,125.87807737307611,129.44322231171236,125.4455556553912,128.4715054927498,125.72643400135465,125.47522240671837,125.34963602202467,121.53951263427734,131.15603637695312,125.55705070495605,125.3375358581543,125.26584701029834,127.38923867982244,121.53951263427734,122.22648620605469,103.259636
ID48,1998-03-22,121.517426,125.775764,118.60661,118.50667,128.24638,129.69,132.99664,130.37186,127.55749,126.61983,101.31802,123.94649852847924,123.47817329321038,118.7180128906713,125.13649651744876,118.74344018184036,125.12792419254107,124.17381166162056,124.4648102896699,118.50666809082031,125.77576446533203,125.24491596221924,125.3301477432251,123.66261727478141,121.72866341003532,118.50666809082031,118.60661315917969,94.24603
ID49,1998-01-04,141.93938,157.99585,155.76797,142.80316,151.06235,151.56236,156.7021,157.87141,138.14789,170.11263,162.07483,154.35485946165176,155.26911959048047,152.97530973669555,164.28782426723336,153.06749944526467,162.99548166373978,154.27275791414118,155.55089351333194,142.80316162109375,170.1126251220703,153.49322509765625,154.80728340148926,154.29714561869483,155.61525241269513,142.80316162109375,170.1126251220703,171.2585
ID49,1998-01-11,141.29962,153.27687,157.63223,148.20699,144.14867,148.21921,163.90749,151.18356,130.27016,172.40411,152.80612,153.70276114541394,155.46413072203367,150.3455352332172,158.20191207972584,151.08592785723292,161.81977278536502,155.16693097700872,155.09913471283664,148.2069854736328,172.40411376953125,153.63689804077148,154.21026229858398,155.1645813659246,155.06103687357552,148.2069854736328,172.40411376953125,132.25624
ID49,1998-01-18,134.85016,166.19435,165.27895,151.3155,148.96754,153.77982,164.59674,157.12425,132.7537,175.03415,220.20975,158.53394769098924,160.19303292590163,167.5741470727168,207.77183771273354,166.85878501781792,184.10519473871432,159.02033692952395,168.38675072407773,151.3155059814453,175.03414916992188,157.5021514892578,165.80589294433594,159.00842510891675,168.7598407008141,151.3155059814453,175.03414916992188,173.90874
ID49,1998-01-25,151.23146,174.54619,165.85884,154.51228,155.49738,159.82213,168.6201,161.02214,140.39795,175.08466,160.445,163.02823913986174,164.05372021941295,160.74877854901644,164.4756484522903,161.02065114233815,167.4418104240037,164.07670449616236,163.70825764979747,154.5122833251953,175.08465576171875,163.1466293334961,163.22448921203613,164.09974784176504,163.6922613980974,154.5122833251953,175.08465576171875,175.36848
ID49,1998-02-01,160.60603,171.08519,163.6445,154.81145,149.13834,157.5305,159.95703,160.86694,140.60468,174.91725,162.07483,158.83628498119538,159.2630117284422,160.44904505604785,165.610651459218,160.61257757732804,167.71597679637114,163.47628041351595,163.5108214353394,154.8114471435547,174.91725158691406,161.4612865447998,162.02932739257812,163.44722710253447,163.45840313934062,154.8114471435547,174.91725158691406,171.4144
ID49,1998-02-08,135.71397,160.47232,156.25497,144.91881,141.48015,150.28925,153.89117,152.16144,142.0425,173.48041,152.80612,151.82084547778314,152.31542198409073,152.53838871310327,158.49824123410355,152.6561200529669,161.90020653776497,154.02117292434286,153.99268949434932,144.91880798339844,173.48040771484375,152.06263160705566,152.37724113464355,153.98137784071181,153.93858488673828,144.91880798339844,173.48040771484375,153.64229
ID49,1998-02-15,137.49538,164.08456,153.91403,146.98326,149.84166,156.24791,167.3683,162.37053,140.02551,177.58705,220.20975,158.05416562144313,158.76636029547325,165.2951494808716,208.47471201566347,163.63689422250036,183.65361169647176,157.23063893073487,166.68988574127573,146.98326110839844,177.58705139160156,156.69026947021484,164.68549919128418,157.260324064187,167.1239792657995,146.98326110839844,177.58705139160156,155.56973
ID49,1998-02-22,141.99924,162.10216,163.26347,150.38974,156.1406,162.48433,164.77036,163.17253,135.65749,183.04553,160.445,162.45928058202287,162.4469683157281,156.46674846308585,166.6674658467916,157.1434113339929,170.11930190351137,161.41126371042475,161.22269384581912,150.38973999023438,183.0455322265625,160.52442741394043,160.26951217651367,161.39945069895816,161.20915704042775,150.38973999023438,183.0455322265625,166.96428
ID49,1998-03-01,162.28021,171.51625,169.5694,155.74991,158.32684,162.91559,153.40347,150.21234,135.50351,172.08992,162.07483,161.84341670161183,161.49914352370084,161.24162341209455,164.83222027977843,162.05135128650983,167.2917220010567,164.78858442044788,164.4596324272532,155.74990844726562,172.0899200439453,163.23144912719727,163.1263542175293,164.74697921634078,164.39967335787696,155.74990844726562,172.0899200439453,148.39853
ID49,1998-03-08,161.25548,160.02797,159.20802,146.39082,150.62096,143.70717,143.8655,139.18169,136.58977,173.59013,152.80612,151.03381626129254,153.39348390282308,153.93132488408025,158.52845138139187,154.34011951486156,162.9964074141475,157.9348997964306,157.75205791003404,146.3908233642578,173.5901336669922,154.83325576782227,155.97062492370605,157.91546973180442,157.6592270037787,146.3908233642578,173.5901336669922,172.06633
ID49,1998-03-15,158.28523,154.28125,154.13374,148.75037,161.13416,145.76413,145.28232,145.4017,136.44374,172.29114,220.20975,153.27261000510063,155.8284915142942,164.07441798745452,207.01662184047171,162.78674107248005,181.66704708580022,156.86791207036708,166.79698175692576,148.7503662109375,172.2911376953125,154.99029159545898,164.29599380493164,156.88294932041322,167.1904760213061,148.7503662109375,172.2911376953125,164.35658
ID49,1998-03-22,161.85721,173.7406,164.97815,151.01126,160.18715,146.85744,160.18414,153.65204,145.51015,178.95718,160.445,159.37071333534362,163.39669268894355,161.56089704419477,165.54184693376803,161.51360211489725,169.0641481735378,164.592513524242,164.7004397478723,151.01126098632812,178.95718383789062,162.22164154052734,163.92008781433105,164.65407321159597,164.67503185018685,151.01126098632812,178.95718383789062,167.30443
ID5,1998-01-04,158.64484,160.00629,151.15535,124.6624,128.6767,128.9974,131.42345,135.55228,115.295425,198.52164,169.74207,148.59143131908064,148.59143131908064,150.24288739565213,159.76843796703034,149.8887833382456,158.1387961621352,149.0603710855134,149.0603710855134,124.66239929199219,160.00628662109375,147.76100730895996,147.76100730895996,150.33620289204177,150.33620289204177,124.66239929199219,160.00628662109375,131.43423
ID5,1998-01-11,102.89877,142.19286,147.3783,128.92657,129.30019,145.81085,132.9212,139.11037,106.59693,203.76772,195.02551,144.48545223142912,144.48545223142912,146.98829822485564,162.21814538502056,146.8116122281707,160.78787651634502,142.78461409446874,142.78461409446874,128.92657470703125,142.19285583496094,141.64955711364746,141.64955711364746,143.4363924048639,143.4363924048639,128.92657470703125,142.19285583496094,112.61338
ID5,1998-01-18,148.21013,172.99828,151.45436,125.87537,137.45244,146.20396,133.31067,136.59146,125.22449,212.95415,298.767,155.43092323441016,155.43092323441016,178.36882062932037,191.70727163476528,174.5013137066424,189.47164906810124,155.00894217689176,155.00894217689176,125.8753662109375,172.99827575683594,153.5574188232422,153.5574188232422,155.69983072705207,155.69983072705207,125.8753662109375,172.99827575683594,123.0017
ID5,1998-01-25,139.21587,158.76936,150.90083,127.77252,136.31352,141.81944,131.45836,147.26776,136.92694,203.17108,173.72449,150.6694831115836,150.6694831115836,153.62387346557531,161.6751951439432,152.85252183522766,160.37926939837277,149.7516690643729,149.7516690643729,127.77252197265625,158.7693634033203,148.6776237487793,148.6776237487793,150.6530439538248,150.6530439538248,127.77252197265625,158.7693634033203,138.8322
ID5,1998-02-01,151.7804,178.77478,154.95428,134.94849,121.77079,128.74878,126.72247,129.0636,130.756,204.03804,169.74207,153.90999625743245,153.90999625743245,158.21620969838585,166.73833803846009,157.0095598470288,165.1328309002091,153.46391526752396,153.46391526752396,134.948486328125,178.7747802734375,150.21725368499756,150.21725368499756,154.46885659332534,154.46885659332534,134.948486328125,178.7747802734375,157.82314
ID5,1998-02-08,170.56815,161.76572,147.47623,124.474236,113.840546,130.7352,124.09825,126.58501,112.548035,209.54582,195.02551,148.88802429046177,148.88802429046177,155.10263047634422,166.44628931481952,153.84979354701449,164.08812961796687,149.93938317225508,149.93938317225508,124.47423553466797,161.76571655273438,147.8130178451538,147.8130178451538,150.7407715046835,150.7407715046835,124.47423553466797,161.76571655273438,121.34354
ID5,1998-02-15,169.92107,175.18813,150.80313,124.46229,137.638,143.43411,129.02484,136.8936,126.25179,217.25484,298.767,157.2548602529003,157.2548602529003,180.0386428985563,192.61882438408549,175.96920548927466,190.06802914670305,157.20969211882178,157.20969211882178,124.46228790283203,175.18812561035156,155.96580028533936,155.96580028533936,158.09531634961596,158.09531634961596,124.46228790283203,175.18812561035156,144.85544
ID5,1998-02-22,183.8372,167.85432,150.04593,122.32857,149.60522,151.28242,135.5683,133.63986,139.23804,221.71356,173.72449,159.48491460701368,159.48491460701368,158.24800338032153,165.99213649558897,157.08072633386408,164.8614840463884,159.94572000247393,159.94572000247393,122.32856750488281,167.8543243408203,160.2794418334961,160.2794418334961,160.95201665656114,160.95201665656114,122.32856750488281,167.8543243408203,131.67517
ID5,1998-03-01,160.14062,181.2304,153.72449,137.95589,129.04646,136.42346,126.268196,121.41391,136.93607,200.76445,169.74207,156.74458141936796,156.74458141936796,160.00014163805696,166.93193430407496,158.56530809731933,165.72570375175232,156.02376367199605,156.02376367199605,137.9558868408203,181.2303924560547,153.19424533843994,153.19424533843994,156.70217578024693,156.70217578024693,137.9558868408203,181.2303924560547,150.14172
ID5,1998-03-08,169.02959,151.42155,141.0048,126.36582,128.29367,125.09254,121.89453,111.87498,118.83322,207.28671,195.02551,147.16254353784208,147.16254353784208,152.61752913913227,163.0051677093249,151.04666838483402,160.8734172482625,147.02530626675002,147.02530626675002,126.3658218383789,151.4215545654297,146.29865264892578,146.29865264892578,148.6958756231916,148.6958756231916,126.3658218383789,151.4215545654297,101.264626
ID5,1998-03-15,177.45726,169.46133,147.46002,127.558495,137.79292,133.56535,115.55112,117.50586,117.30101,205.45345,298.767,154.1727648134198,154.1727648134198,176.93305962809052,188.8802819326642,172.93531865968293,186.1978956271643,152.97233083632693,152.97233083632693,127.5584945678711,169.46133422851562,151.7874937057495,151.7874937057495,154.21630343277243,154.21630343277243,127.5584945678711,169.46133422851562,107.25623
ID5,1998-03-22,137.95946,166.02547,145.57329,125.5919,133.45009,135.16127,127.18304,127.55039,105.188354,213.58713,173.72449,150.70288050502649,150.70288050502649,148.85898249356654,163.22856681214114,147.96415570233034,161.94927406174168,149.6012207274292,149.6012207274292,125.59190368652344,166.0254669189453,148.06645488739014,148.06645488739014,150.8604770109577,150.8604770109577,125.59190368652344,166.0254669189453,137.07483
ID50,1998-01-04,86.09334,96.74375,94.59549,89.3847,77.87424,85.45284,87.72034,80.74919,89.68369,93.61299,118.990005,88.5467462630492,88.749822934301,97.56246238374207,99.17803159267358,96.93110008890426,102.5104918850721,90.40658029541366,92.75931914884238,89.38469696044922,93.61299133300781,88.93471050262451,93.20278835296631,89.33256559125772,92.3676361349538,89.38469696044922,85.45284271240234,63.91373
ID50,1998-01-11,101.453674,102.68004,104.08423,100.93177,83.40884,91.32046,96.99294,89.62781,89.76445,99.75107,142.04366,97.01330111633368,97.58467514415344,107.8155925354568,113.01012275937484,107.18430775955034,117.93298431900837,99.09086648058725,103.02654740218152,100.93177032470703,99.75106811523438,97.57787704467773,103.98658752441406,97.66409323765683,102.10273378981118,100.93177032470703,91.3204574584961,94.27933
ID50,1998-01-18,97.022896,98.974434,99.795235,93.688484,87.27661,91.30107,94.476715,91.91712,90.93784,94.85192,73.89532,94.52366751225675,95.021513706256,92.33006821741262,88.12515093583691,93.08719257217307,86.39757970915257,95.4024343120267,93.27493594052982,93.68848419189453,94.85192108154297,94.6734209060669,92.68080997467041,94.73537671981309,91.93753666097345,93.68848419189453,91.30107116699219,71.35718
ID50,1998-01-25,108.38571,109.645744,103.54453,98.52275,97.91911,99.01178,105.130554,106.47012,100.94307,91.9951,78.62851,102.36389742553017,103.34080306205267,98.73841583597653,94.14881573878039,99.13764021943541,92.20079603489206,101.2183410848743,99.70495509142637,98.52275085449219,91.99510192871094,101.76941108703613,99.52553176879883,101.49805305902689,100.34633381587989,98.52275085449219,99.01177978515625,93.89795
ID50,1998-02-01,106.232216,109.3502,102.494804,103.45334,88.830536,89.92743,96.270294,95.59358,94.6638,95.21213,118.990005,98.90860780476271,99.78494949141557,105.51464208424493,105.90927961960486,104.90564319957616,108.61372774601031,100.1867604269823,102.06605073297149,103.45333862304688,95.21212768554688,98.97136783599854,102.65671253204346,99.06859431814533,101.67797251627967,103.45333862304688,89.92742919921875,125.43398
ID50,1998-02-08,106.62583,113.938194,108.97695,108.2714,91.54439,95.254166,102.0829,99.265274,92.47396,96.40152,142.04366,102.77838782361498,103.65992360823834,112.52192460938952,116.34678380481573,111.81279590633994,120.88300359991796,103.85189234946543,107.68899123601369,108.27140045166016,96.40151977539062,102.88691902160645,108.84712409973145,103.10312939742545,107.68979588940987,108.27140045166016,95.25416564941406,93.08259
ID50,1998-02-15,98.12121,107.81066,103.03326,99.18857,89.32269,91.54806,93.71518,93.45192,91.3476,95.46626,73.89532,97.30706650298706,97.90540905327913,95.57632710740309,89.74372389781756,96.21240997505642,87.96982555087133,98.529729999902,95.97134068108308,99.18856811523438,95.46626281738281,97.27573585510254,95.3144063949585,97.79556333325972,94.42921659077061,99.18856811523438,91.54805755615234,111.95423
ID50,1998-02-22,104.17603,109.760635,105.869934,101.91697,97.7379,91.736694,100.238,104.05251,99.859856,89.09215,78.62851,100.03159228095399,100.87621076332695,99.18396573532372,93.03585861227045,99.69061867712479,91.54380754507145,99.81546714781341,98.27549330857127,101.9169692993164,89.09214782714844,100.06603908538818,98.15417957305908,99.7303930990401,98.76730357016504,101.9169692993164,91.7366943359375,100.96002
ID50,1998-03-01,111.92493,124.29532,106.13053,109.28638,95.04383,93.79364,97.07032,95.87829,103.86329,93.63525,118.990005,104.78036746263116,105.08434218664387,111.55450037151827,108.4502264767377,110.47531598270673,111.06372567669098,105.40339587763108,106.19102050809944,109.286376953125,93.63524627685547,103.89752388000488,106.74179172515869,104.75042161073688,106.92099741674858,109.286376953125,93.79364013671875,119.85797
ID50,1998-03-08,119.39262,115.89849,107.076935,108.51521,92.757286,92.845634,93.79261,95.53191,96.830345,96.51491,142.04366,104.17249725096164,104.86059411799098,113.85078933819355,116.71240950614317,112.78787109122624,121.57832999451402,105.4661293435029,108.58613866248388,108.51521301269531,96.51490783691406,103.34921169281006,109.72742080688477,104.2293628486477,108.47088427077644,108.51521301269531,92.84563446044922,124.3293
ID50,1998-03-15,107.99125,113.702194,110.82322,106.60952,96.02717,102.025375,95.23527,96.17157,100.81893,97.61224,73.89532,104.82985038492023,105.1587679317202,101.62518169601326,94.46347675776072,102.53782825901935,92.0280410167135,105.5446379161675,101.84531480638864,106.6095199584961,97.61224365234375,103.75327968597412,101.10383605957031,105.43420543468018,101.22657545798118,106.6095199584961,102.02537536621094,83.1358
ID50,1998-03-22,111.64801,118.65989,110.440895,105.384865,105.99388,101.93812,106.579185,101.64503,102.63759,94.359955,78.62851,107.59230995166044,106.98143870160187,103.49416404213545,96.59596678737502,104.05024960465727,94.6059335979903,106.50820575907923,103.25598721269218,105.3848648071289,94.35995483398438,106.87559986114502,102.83815860748291,106.93931032427994,103.47249076110432,105.3848648071289,101.93811798095703,111.21778
ID51,1998-01-04,197.98665,191.26471,191.98071,177.10448,178.71208,178.79883,191.61382,182.08412,187.18556,206.35347,197.85638,189.09841902999963,188.29509724269067,191.4641557866354,191.89798626677623,191.2941144540511,191.20360599254764,189.89356838572982,189.73211412086198,177.10447692871094,177.10447692871094,189.22684288024902,188.6733112335205,190.33956063005368,191.00736611413856,177.10447692871094,177.10447692871094,136.80492
ID51,1998-01-11,178.87381,183.90685,191.25497,182.81343,198.8738,196.45346,205.36801,198.41248,179.4827,211.15704,207.96948,191.99723574219746,187.224694671005,190.4459117017941,185.97099116667835,190.62847813412037,184.21492386369943,187.88859354435053,187.38742486295737,182.8134307861328,182.8134307861328,193.58767127990723,190.35200691223145,189.84297171370503,189.46366432493696,182.8134307861328,182.8134307861328,148.92162
ID51,1998-01-18,182.3068,197.37523,194.94998,183.97078,201.7269,196.444,203.31987,203.35916,192.71887,213.87521,258.56128,194.61530292548863,192.84663070457358,205.7216978522898,197.6499837684838,204.19668455742044,191.78101283228756,192.6825755250687,192.68473956439666,183.9707794189453,183.9707794189453,196.74609565734863,195.42097091674805,194.18426108585058,197.44887362305977,183.9707794189453,183.9707794189453,181.6807
ID51,1998-01-25,202.24362,199.8988,200.15338,186.97939,181.21716,184.28856,201.23236,197.36896,188.68889,208.70816,188.19777,195.34477992522048,192.9980523219525,195.0705035054317,197.08592937160748,195.4212306606633,197.65428567461223,196.74538464082778,196.2650476206106,186.97938537597656,186.97938537597656,195.59017944335938,194.0222454071045,197.00884934188508,196.3471974194405,186.97938537597656,186.97938537597656,172.19884
ID51,1998-02-01,214.17621,188.20714,196.90135,183.63225,170.17032,170.20816,193.23491,179.15334,180.98457,209.83492,197.85638,192.77556586183988,190.1791271212131,193.00072817474322,197.74079051195497,193.33473295917247,198.02006134007175,194.44262054856898,193.64023720357395,183.6322479248047,183.6322479248047,190.79565620422363,189.2643642425537,194.36043989594967,194.7062179793156,183.6322479248047,183.6322479248047,205.2867
ID51,1998-02-08,184.3808,189.60559,200.47156,184.59273,165.545,168.8279,187.18494,174.72598,181.02473,215.29678,207.96948,185.08875808483563,183.89048215445644,194.74150259066516,190.68101090932953,195.01657682120322,188.9897186796281,189.67425343371835,189.15855974934217,184.5927276611328,184.5927276611328,186.98816108703613,186.21813583374023,190.20462008280975,191.59784729463405,184.5927276611328,184.5927276611328,233.82431
ID51,1998-02-15,194.2518,203.6088,201.77211,187.55327,190.11653,181.36148,204.50775,193.40433,188.81474,214.03181,258.56128,196.83033041199928,193.91229681644236,209.03990035546988,204.52947633098663,207.69195774616446,199.06329839181598,197.29814951964673,196.79235963993608,187.5532684326172,187.5532684326172,197.15044403076172,195.18881797790527,197.90369343159,201.3007239587881,187.5532684326172,187.5532684326172,195.08154
ID51,1998-02-22,206.67514,202.793,208.26607,196.09723,189.78076,193.34865,219.55475,199.32516,197.68831,216.98584,188.19777,204.29811781548239,200.4946036369745,200.78823914142464,201.75660390666042,201.5174547738501,203.0127260797915,203.35925207955526,203.02114429592558,196.09722900390625,196.09722900390625,204.18767929077148,201.4543743133545,204.15517863407825,202.7959503270199,196.09722900390625,196.09722900390625,183.83745
ID51,1998-03-01,191.31017,190.01062,200.17645,193.44675,178.29372,170.87778,193.55765,186.47508,191.9819,208.24281,197.85638,191.27942000690587,191.07318730753977,195.69343386788344,193.14993185768472,195.9401815135559,192.95619056043202,193.3077245341848,193.22867762330858,193.44674682617188,193.44674682617188,190.73949241638184,190.54252433776855,193.47698625095657,194.57165947387065,193.44674682617188,193.44674682617188,228.57707
ID51,1998-03-08,194.73955,182.07149,196.57407,186.55675,177.22105,174.688,192.32874,183.49644,183.93973,210.68568,207.96948,189.8596462090601,188.20563419109712,193.42810127851465,191.64311863318724,193.71684239020453,190.70481151023938,190.49599486991505,190.10510312732632,186.55674743652344,186.55674743652344,189.3581657409668,188.30953979492188,191.08629119357988,192.23184032735963,186.55674743652344,186.55674743652344,263.2562
ID51,1998-03-15,186.70682,183.60048,204.03232,190.73242,182.9181,182.98082,185.77672,185.54272,179.06262,208.49323,258.56128,189.9346183310546,188.25773711129742,204.04068119665797,197.33346315988396,203.90848210705002,192.30644586813057,192.01254303157395,191.24045472217708,190.732421875,190.732421875,190.65511322021484,189.81585121154785,192.352512870997,195.8765126612003,190.732421875,190.732421875,169.70016
ID51,1998-03-22,197.16858,199.35995,203.39766,195.91924,188.58519,189.21251,202.61673,207.88322,180.75583,213.14282,188.19777,197.9137997338242,193.50395317778424,195.53969456487926,197.22249385524046,196.3549997270385,197.95530892897264,199.17092527426138,198.07299728671688,195.9192352294922,195.9192352294922,198.67533493041992,195.94272232055664,199.66019466821345,198.07639248941354,195.9192352294922,195.9192352294922,185.46817
ID52,1998-01-04,61.34008,63.476257,61.066547,55.8319,66.55197,77.01497,66.25121,75.6794,69.31455,56.471397,91.12309,61.87613070972014,61.87613070972014,67.49900075194516,67.23482823150596,66.7776374760808,68.44896639643845,63.052919533266255,63.052919533266255,55.83190155029297,56.471397399902344,63.50054216384888,63.50054216384888,63.02143178249125,63.02143178249125,55.83190155029297,55.83190155029297,72.80379
ID52,1998-01-11,61.486588,61.99866,59.871727,58.623898,71.34442,73.75085,67.68299,70.6771,68.14552,59.097633,59.100475,62.23043242456452,62.23043242456452,61.32580517357896,67.15748731345758,61.26369913944634,68.06598649228809,63.76343154891211,63.76343154891211,58.623897552490234,59.097633361816406,64.23209571838379,64.23209571838379,63.863058746680785,63.863058746680785,58.623897552490234,58.623897552490234,69.12151
ID52,1998-01-18,65.59643,67.524254,61.143635,63.012634,73.47804,73.60111,72.61779,73.133026,68.81161,57.68534,57.02262,65.21480974136261,65.21480974136261,63.06476985234575,69.47952890031547,62.90663715588407,70.27513323490079,66.42167024763862,66.42167024763862,63.01263427734375,57.685340881347656,66.83240461349487,66.83240461349487,66.50558733244382,66.50558733244382,63.01263427734375,63.01263427734375,72.46186
ID52,1998-01-25,66.7828,68.95939,62.058662,64.40255,69.23659,71.06182,69.18874,68.59873,68.662895,53.77767,45.607574,64.9724200681489,64.9724200681489,61.45885086141672,67.06814711023122,61.560126168214865,67.76357226763376,65.37926120413218,65.37926120413218,64.40254974365234,53.777671813964844,65.68352794647217,65.68352794647217,65.3914514426104,65.3914514426104,64.40254974365234,64.40254974365234,72.2909
ID52,1998-02-01,58.659195,75.63935,64.34185,69.30833,75.4992,73.01572,72.56653,81.2248,73.81788,58.397152,91.12309,68.15414368150012,68.15414368150012,72.82970094426841,71.78559174345752,71.67452277523296,72.52341659095138,68.11151998958081,68.11151998958081,69.3083267211914,58.397151947021484,68.42841482162476,68.42841482162476,68.37995426087829,68.37995426087829,69.3083267211914,69.3083267211914,79.602844
ID52,1998-02-08,64.27192,68.75649,57.481537,62.193005,72.601135,74.584114,72.67924,78.27792,73.539635,62.482136,59.100475,64.89869602817319,64.89869602817319,63.5951559525763,70.85507346835213,62.939744212192636,71.5901779648914,66.59352646903082,66.59352646903082,62.1930046081543,62.48213577270508,66.88119697570801,66.88119697570801,66.51134907771561,66.51134907771561,62.1930046081543,62.1930046081543,69.820755
ID52,1998-02-15,65.34439,71.347916,59.3559,65.48751,76.95359,75.078804,79.38203,77.87092,73.712906,58.387577,57.02262,67.11364403791099,67.11364403791099,64.42326398380037,72.58449250175664,63.86928274858316,73.4023453929181,68.51334016327408,68.51334016327408,65.48751068115234,58.387577056884766,68.91721439361572,68.91721439361572,68.64179241757512,68.64179241757512,65.48751068115234,65.48751068115234,75.84166
ID52,1998-02-22,68.97775,66.00771,65.70014,69.83267,75.12677,73.548645,72.93748,71.75192,74.02499,58.939484,45.607574,67.97521468285296,67.97521468285296,63.69602227887276,70.28735168210532,64.07371137176543,70.93459605640426,68.496660457382,68.496660457382,69.83267211914062,58.939483642578125,68.88383197784424,68.88383197784424,68.74216676333815,68.74216676333815,69.83267211914062,69.83267211914062,72.909
ID52,1998-03-01,67.323715,69.17622,70.93376,77.13142,78.44047,81.649475,77.7464,83.55089,77.47847,57.73964,91.12309,72.4416697979692,72.4416697979692,75.22416819899792,75.42799998882306,74.85327528930182,76.57066507543843,72.02372075293044,72.02372075293044,77.13141632080078,57.73963928222656,72.51763725280762,72.51763725280762,72.5338925786838,72.5338925786838,77.13141632080078,77.13141632080078,67.81492
ID52,1998-03-08,84.619026,75.2729,68.27497,74.4,79.61568,80.95094,77.75802,77.49388,74.81972,58.479427,59.100475,73.4335652251132,73.4335652251132,70.04996355345773,76.16591627274761,70.02507602590923,76.95746949329002,74.5222530933973,74.5222530933973,74.4000015258789,58.479427337646484,74.92137098312378,74.92137098312378,74.38572265479024,74.38572265479024,74.4000015258789,74.4000015258789,77.735405
ID52,1998-03-15,59.197914,74.5391,67.048805,76.41095,80.48598,76.74269,77.96286,77.38794,74.06645,59.031902,57.02262,71.4086275058321,71.4086275058321,67.96313241340948,74.0709101438803,67.86063248533854,74.92303776958427,71.01359833478615,71.01359833478615,76.41094970703125,59.03190231323242,71.42752504348755,71.42752504348755,71.57046842510599,71.57046842510599,76.41094970703125,76.41094970703125,72.81694
ID52,1998-03-22,70.61455,75.48035,68.616104,71.22261,78.65653,77.14906,77.86348,75.825806,74.33353,56.828014,45.607574,71.29244493620139,71.29244493620139,66.35958484982719,73.76276231698657,66.63897083034448,74.58756697358511,71.61466143382835,71.61466143382835,71.22261047363281,56.8280143737793,72.05383729934692,72.05383729934692,71.82088080067915,71.82088080067915,71.22261047363281,71.22261047363281,82.035774
ID53,1998-01-04,120.86519,114.912544,118.16866,109.19557,113.968285,119.7275,111.41892,119.49514,110.34099,134.08022,107.87743,119.0098817552652,117.19546913997911,114.3304449460857,112.63784786326887,114.8593353810025,112.69362644469018,118.5044302766881,116.79527544192075,109.19557189941406,109.19557189941406,117.79211139678955,116.86696815490721,118.4293086210677,117.38071368021481,109.19557189941406,109.19557189941406,111.73067
ID53,1998-01-11,117.723946,115.73765,118.26,114.62337,117.04341,116.022354,112.91211,135.09361,111.42594,138.63441,124.56602,120.35556078257926,120.94207806324306,118.46477458637281,118.37719227398694,118.47216856753298,118.35848772473145,119.91981222848867,120.92271103335355,114.62336730957031,114.62336730957031,118.86965656280518,122.00811862945555,119.6296618554349,120.1202132754884,114.62336730957031,114.62336730957031,111.08627
ID53,1998-01-18,109.30127,128.59708,126.45573,116.53001,124.70799,125.98662,117.32352,132.24356,116.325325,138.15485,173.6323,124.16799145452083,130.603346457681,132.40316993621917,134.83842874266034,131.4413153689503,131.60305341814365,123.51957433772775,129.31850527387124,116.5300064086914,116.5300064086914,123.38213157653809,130.1550130844116,123.54961648756496,128.52659382343268,116.5300064086914,116.5300064086914,118.990005
ID53,1998-01-25,128.30801,131.28322,125.221725,119.08542,129.40556,134.55331,125.242905,127.84372,119.075226,136.59685,124.776436,128.99211874582073,127.12064295133729,125.31187348622241,124.29028741894653,125.31866759327757,123.81900297471371,127.98904949825446,126.56628846754093,119.08541870117188,119.08541870117188,128.71212577819824,126.52382564544676,128.28705904587417,127.93819007475452,119.08541870117188,119.08541870117188,117.74066
ID53,1998-02-01,118.21594,130.66675,128.37822,124.63801,123.2122,134.0159,121.943504,127.56641,117.627815,133.9884,107.87743,127.45174901037498,123.69761782335823,122.60114925020387,122.12199250812542,123.28143351347775,122.67617895466671,127.095787543042,123.96666139932645,124.63800811767578,124.63800811767578,126.8823652267456,123.61987209320067,127.26076483898073,125.33454194601589,124.63800811767578,124.63800811767578,147.42241
ID53,1998-02-08,122.6932,127.07262,118.8343,120.87692,121.7022,125.96647,119.07927,131.98105,114.64169,135.8109,124.56602,125.18832005964697,124.44217879777847,122.08875666626452,122.16892087203082,121.74074007408606,122.40552487972327,124.45588762376815,124.17327790335379,120.87692260742188,120.87692260742188,124.00448417663574,124.55958652496336,124.41015681091052,124.42564546732308,120.87692260742188,120.87692260742188,126.77538
ID53,1998-02-15,125.2279,130.97621,119.12167,119.64707,132.73013,130.07803,118.6247,134.47984,119.915054,142.03581,173.6323,128.1150008713226,133.98290537706535,133.06934308608027,134.68686634888962,131.38081240128835,132.5141593848575,127.15213174021979,132.2100790183612,119.6470718383789,119.6470718383789,127.30519199371338,133.12948226928708,127.35816303847521,131.956665202466,119.6470718383789,119.6470718383789,124.026825
ID53,1998-02-22,111.52544,124.91848,122.06436,118.361404,131.79056,135.59256,126.01535,136.40459,123.67301,139.3317,124.776436,125.57525305687773,124.23041473444565,123.20271218643346,121.63023549808196,123.10627861600328,121.72500588273236,123.81028088210024,123.77211286421722,118.36140441894531,118.36140441894531,126.19998073577881,125.13192653656004,124.47445588590203,124.50446521309911,118.36140441894531,118.36140441894531,122.264595
ID53,1998-03-01,113.326744,138.51341,129.5563,126.760666,130.68954,133.08995,126.72955,125.9424,124.86032,131.16313,107.87743,128.80187272297812,125.17608505335491,125.31528686597322,123.98317477741132,125.60801045404435,124.51891075254642,128.23924239473067,125.08728084329543,126.76066589355469,126.76066589355469,128.72866344451904,124.75005149841307,128.41801680374007,126.37679173595278,126.76066589355469,126.76066589355469,144.92372
ID53,1998-03-08,121.418976,131.28285,119.40455,120.95913,126.15463,121.1082,120.625854,123.305084,124.38659,137.92992,124.56602,126.24446714339612,126.60913108515257,124.58965658190985,122.8944423982535,123.83082226428832,123.19072380069676,125.45178920199075,125.27946279406068,120.9591293334961,120.9591293334961,124.86051368713379,125.40663909912108,125.18657068457618,125.12490303730301,120.9591293334961,120.9591293334961,100.65755
ID53,1998-03-15,125.631584,124.182465,116.720276,117.56763,133.31183,125.22758,118.693565,129.19397,120.47377,136.88582,173.6323,124.98705084364603,131.43714824419393,130.819392151972,132.46713398382795,129.16252579914322,130.26310829737852,124.15933357483406,129.63915792084825,117.567626953125,117.567626953125,124.77759265899658,130.53597545623776,124.40217783961137,129.29443169896697,117.567626953125,117.567626953125,72.119934
ID53,1998-03-22,127.96147,126.770325,127.84981,122.279434,136.38922,134.02518,126.744415,127.57645,129.27542,137.34387,124.776436,129.4092174624476,128.33332388151862,127.13519578453855,125.3073671430414,127.27877655800302,125.26367415541455,128.76703203288974,127.69978617424361,122.27943420410156,122.27943420410156,129.92046546936035,127.97915172576903,129.1823239345257,128.74448781331913,122.27943420410156,122.27943420410156,134.66597
ID54,1998-01-04,67.59289,62.826786,68.0246,60.846222,62.1436,61.776535,60.50744,62.066925,62.527557,72.33969,64.99435,64.8306505968059,65.7051150222313,64.97583561411076,65.60109804081601,65.30196845865439,64.70554226512022,65.15394299501529,65.37988467606576,60.846221923828125,62.826786041259766,64.50721979141235,64.90944623947144,65.08467079542586,65.11736340426674,60.846221923828125,62.826786041259766,63.072067
ID54,1998-01-11,64.405785,60.295486,67.71653,61.12765,69.177704,68.21106,68.01841,70.79365,61.57552,74.68673,76.93319,68.51812388227283,70.38154666932857,66.46048624048856,64.82749957537777,66.68104321421345,63.54257792114177,66.09111530802272,66.75793794947424,61.12765121459961,60.29548645019531,66.70491933822632,67.79518556594849,65.96814037717292,65.45896033648837,61.12765121459961,60.29548645019531,62.914257
ID54,1998-01-18,56.905556,65.4448,67.33657,61.154583,73.00653,72.59921,73.24152,74.8931,68.82274,74.87487,85.520775,70.62145448231075,73.22736906669707,69.63664413976547,64.888804939391,69.3187406931369,64.89926097013134,66.73049753454882,67.73153492382002,61.15458297729492,65.4448013305664,68.07045602798462,69.68565130233765,66.60984580103825,66.42925028849618,61.15458297729492,65.4448013305664,60.889008
ID54,1998-01-25,54.49696,62.731976,66.73487,61.576866,68.19583,68.027626,69.60036,71.67902,64.53582,73.46675,66.26775,67.35047734730831,66.93537401242929,64.60762823455795,62.558223404194884,64.8300035920029,62.330721068963086,64.68772710931847,64.57135712116974,61.576866149902344,62.73197555541992,65.6039047241211,65.38392066955566,64.60508047714507,64.31401612418111,61.576866149902344,62.73197555541992,65.30773
ID54,1998-02-01,55.76868,62.12417,71.994415,66.00778,63.34563,63.67375,67.31269,69.66147,60.938305,74.28278,64.99435,65.44114304385958,65.8327073105335,65.63282036584052,62.78819571257072,66.32978285079773,62.15789143603732,65.5188992184166,65.60941151071123,66.00778198242188,62.124168395996094,65.5637378692627,65.7288122177124,65.53536067568268,65.02349060466504,66.00778198242188,62.124168395996094,87.015335
ID54,1998-02-08,63.95857,61.844574,68.630394,61.854248,65.23736,65.62161,66.34003,69.015854,60.137325,74.393196,76.93319,66.95833282465668,69.43464990479686,66.79178177111332,64.8163180631799,67.02055494781975,63.87883223155234,65.88263474360386,66.73290314622882,61.854248046875,61.844573974609375,65.98499727249146,67.39894437789917,65.78475831972546,65.24878522584235,61.854248046875,61.844573974609375,75.644394
ID54,1998-02-15,65.20839,70.1763,68.709656,62.738136,72.384735,71.97165,78.29637,77.84911,67.98946,76.53328,85.520775,72.4393787405106,75.33346638256499,71.45581628536152,69.17849603715476,71.06050714512577,69.5697674628506,69.85214189178717,70.88233529852937,62.738136291503906,70.17630004882812,70.75231456756592,72.44595527648926,69.59605787400912,68.95641478677115,62.738136291503906,70.17630004882812,75.84166
ID54,1998-02-22,61.264317,65.24991,67.56949,63.3028,70.37694,73.48084,73.27719,74.85217,65.13185,76.41042,66.26775,71.14967392722686,69.4765606501261,66.1087936161552,66.21233496529526,66.3388484165972,65.83914561538047,67.84963269794773,67.33380187385606,63.302799224853516,65.24990844726562,68.86648845672607,67.96485233306885,67.71678200492215,67.16884314499889,63.302799224853516,65.24990844726562,66.2283
ID54,1998-03-01,63.272,65.200005,71.45244,68.64458,67.82437,70.70207,70.829895,73.25505,66.752335,73.59014,64.99435,69.4365631666655,68.14945347349995,67.68353517035294,66.73643428795366,68.1726630691901,66.15271462073694,68.57247364386163,68.1530734346475,68.64457702636719,65.20000457763672,68.93943738937378,68.22597169876099,68.58802999395401,68.29625242557168,68.64457702636719,65.20000457763672,76.643875
ID54,1998-03-08,66.358635,66.80355,70.40231,64.37955,72.18454,71.50368,69.90976,73.62582,66.340385,74.481476,76.93319,71.00976966525342,72.12618623772502,69.5623082871412,68.12671148164944,69.66469731209159,67.74613494595373,68.98834067262906,69.40920475724978,64.37954711914062,66.80355072021484,69.50293731689453,70.18162631988525,68.9294917914759,68.6423845069307,64.37954711914062,66.80355072021484,71.48869
ID54,1998-03-15,61.90372,66.69159,70.90848,64.0047,67.458435,64.11019,66.61921,65.72911,60.276127,74.05927,85.520775,67.29244867258333,72.0210946459199,69.97793025137146,65.96797448054507,69.96918671518968,65.81214369402356,67.08268021222231,68.6801144123171,64.00469970703125,66.69158935546875,66.96944952011108,69.6457724571228,67.0265912875063,66.44701909433579,64.00469970703125,66.69158935546875,71.672806
ID54,1998-03-22,65.89192,60.858154,69.3991,65.431694,66.8174,69.63343,69.48207,71.31328,64.97421,74.82625,66.26775,68.88232156834258,68.12304102532357,66.15545626431995,65.93173291522939,66.65768828577197,64.4750864037197,67.38304138533584,67.140531665866,65.43169403076172,60.858154296875,67.79250240325928,67.37179279327393,67.31474751268806,66.98213972234447,65.43169403076172,60.858154296875,77.091
ID55,1998-01-04,72.99414,75.05195,82.376526,70.784775,68.74958,72.28826,81.06071,80.53816,77.31929,97.6058,80.57601,78.58791143814737,75.95502797706327,78.76436008926103,78.77903564463102,79.0552472353064,78.30161695437025,75.68417142387362,75.5865751423832,70.78477478027344,75.05194854736328,77.6139669418335,75.48524379730225,77.66527756480994,78.19469889016648,70.78477478027344,81.06070709228516,66.451866
ID55,1998-01-11,70.918465,73.024765,81.76585,78.092384,71.90501,82.136665,88.68212,87.626526,80.17899,102.63065,102.169914,82.12831417328933,80.60498457011187,83.69317198450614,86.00335821839529,83.53411656202168,85.64969163463759,78.92211758720262,81.02397168595026,78.0923843383789,73.02476501464844,81.14448833465576,81.08689594268799,81.41786370294764,82.80102296043148,78.0923843383789,88.68212127685547,61.572857
ID55,1998-01-18,92.86481,89.738655,84.89457,77.81798,80.88981,84.79537,90.22682,84.64848,83.4903,107.06519,139.33456,88.4464965526289,89.46483206794245,96.34010109060618,100.44940091563723,94.86901471958964,99.50708422824371,86.70226561593202,92.52290491349655,77.81797790527344,89.73865509033203,88.53665065765381,92.57032203674316,88.15579381536153,87.64941577286116,77.81797790527344,90.22682189941406,67.543396
ID55,1998-01-25,88.5838,86.772224,78.82456,72.781876,80.33148,83.88456,87.719475,88.102776,86.09822,98.828636,85.00789,84.11704584367686,82.03279260604765,83.42824266130556,83.4541700764147,82.81980142934228,82.9704803242721,83.30877552990356,83.02281872106094,72.78187561035156,86.77222442626953,84.71582698822021,82.98823356628418,84.31692636110893,84.50101022915543,72.78187561035156,87.71947479248047,66.2546
ID55,1998-02-01,88.02793,82.831825,82.2816,75.37656,81.76013,86.6154,88.855644,92.882706,85.782,99.443794,80.57601,85.08064838827787,82.65088223837212,82.99674211349142,83.0154025993489,82.94965079543131,82.62859569283107,84.20861532217599,83.27632889160918,75.37655639648438,82.83182525634766,85.64911079406738,83.2906379699707,85.44771312590694,86.45677582946254,75.37655639648438,88.85564422607422,71.81747
ID55,1998-02-08,97.10608,85.69623,82.398155,77.78607,76.35433,82.524345,89.377365,91.91544,81.21752,105.49156,102.169914,87.02292979100456,85.43714415214922,87.92383545897634,89.04483091415457,87.2951740000075,88.38696442566541,85.20075375720917,86.63976865862848,77.78607177734375,85.69622802734375,87.09176731109619,86.67656135559082,86.9444678321427,87.57552578206642,77.78607177734375,89.37736511230469,43.043137
ID55,1998-02-15,96.65891,93.24456,85.27457,80.54804,81.323,83.1096,93.19931,90.28652,81.48433,109.00917,139.33456,90.4784865453589,91.36038383458326,97.4051774921912,101.70896883355084,95.83131140483623,100.72134948506779,88.47026977693626,94.06796497227708,80.54804229736328,93.24456024169922,90.29589462280273,94.08656883239746,90.05050189839065,89.79722758813988,80.54804229736328,93.19931030273438,71.251976
ID55,1998-02-22,92.36677,88.97959,80.62787,73.562836,79.46501,82.90536,91.4916,86.24657,84.37846,107.30631,85.00789,86.78315605982593,83.65380671639382,84.75090471343435,85.07678071247817,84.18717208572423,84.38757054796835,85.08135532365941,84.36372300689926,73.56283569335938,88.9795913696289,87.08816814422607,84.30086517333984,86.75269313159414,86.50563046387752,73.56283569335938,91.4916000366211,74.105736
ID55,1998-03-01,88.286995,79.63633,79.46254,76.9607,84.14957,86.36191,89.3288,88.6584,92.48545,97.53888,80.57601,84.43283483450134,82.23435818283514,82.87663231734939,82.4720239638103,82.58060984910013,82.36694217316827,83.84569057930395,83.00718048730555,76.96070098876953,79.6363296508789,85.21571445465088,83.09535598754883,85.16705721089309,86.01546141947856,76.96070098876953,89.32879638671875,79.142555
ID55,1998-03-08,95.036446,77.96278,78.01934,77.53223,82.438255,82.80829,85.054115,90.642715,81.83894,102.93918,102.169914,84.38628096167747,82.98190795811084,85.23991679403424,87.89320293850312,84.56918408026016,87.26432228327826,83.25377800741066,84.95142897558323,77.5322265625,77.96278381347656,85.22382926940918,85.12767124176025,84.96013251824627,86.16649266925982,77.5322265625,85.05411529541016,70.44976
ID55,1998-03-15,97.329765,87.45214,82.10934,80.30026,78.8975,80.37215,83.35763,82.18222,80.6535,104.15785,139.33456,86.68306563828841,87.99811991242926,95.18404453795273,99.27815056783976,93.59168999194472,98.3405233310663,84.97506423072643,91.04564788862592,80.30026245117188,87.45214080810547,86.74707889556885,91.14416790008545,86.23015445220095,85.69838189300822,80.30026245117188,83.35762786865234,76.59127
ID55,1998-03-22,86.96626,84.5138,82.224464,77.227715,80.62334,81.536964,89.90764,90.010254,76.673615,104.399414,85.00789,85.98920684622705,83.2269436051643,83.09435423123233,85.03454955080296,82.98374579758146,84.32143181317298,84.06519050873015,83.53275370175147,77.22771453857422,84.51380157470703,85.9249496459961,83.50100898742676,85.79845688633813,86.35290533605372,77.22771453857422,89.90763854980469,63.427143
ID56,1998-01-04,107.813736,106.75499,115.0326,111.65537,106.99538,112.273994,112.47052,103.54225,107.033195,115.19986,130.15518,111.30947359021584,113.35607297921817,114.23104829318854,115.39808695413245,114.36375107684272,116.92744738822779,111.60627727698912,113.48349125689288,111.6553726196289,115.03260040283203,111.02455615997314,111.83727931976318,110.72285791327181,114.29093837764238,111.6553726196289,130.15518188476562,92.79327
ID56,1998-01-11,110.42716,106.03519,115.830696,110.63942,109.60237,113.42081,112.45842,107.05449,106.277756,119.7691,139.87375,112.10280665822711,115.76052980792366,116.22619407331963,118.6698226425346,116.24548422686726,120.92253893997145,112.24359306066674,115.72044315915582,110.63941955566406,115.83069610595703,112.27289485931396,114.0205078125,111.49860714582242,116.75606103186257,110.63941955566406,139.87374877929688,67.53025
ID56,1998-01-18,108.31033,113.0365,116.447365,110.8322,110.738846,112.83161,115.14319,110.63565,111.51459,120.56552,140.83377,113.60680131002714,116.94482142974655,118.61843307881227,120.32832268278224,118.25918351157722,122.56346780896514,113.30141773384828,117.19656313644589,110.83219909667969,116.4473648071289,113.48819541931152,115.55699253082275,112.59696819099861,118.50867926493117,110.83219909667969,140.83377075195312,103.87954
ID56,1998-01-25,118.18325,121.846245,121.785706,116.978966,119.78628,118.34515,120.00664,120.50736,113.50559,114.573814,93.97685,119.18592829123986,115.55168549017628,114.21523120976715,112.06307722118453,115.0380943870511,110.18242905608085,119.78472926207344,115.21637012954845,116.97896575927734,121.78570556640625,118.93825626373291,115.59133052825928,119.64205421826722,113.37863046794668,116.97896575927734,93.97685241699219,106.95686
ID56,1998-02-01,132.86981,127.35006,132.17807,128.3942,129.83215,125.50934,130.01842,128.61668,125.85103,118.61328,130.15518,128.5323587119267,130.08154473621062,128.80012589271678,129.63663100249488,129.16337811862857,129.5565801569429,130.1723660322212,129.99885735099937,128.39419555664062,132.17807006835938,128.09566593170166,129.73944282531738,129.90300706424514,129.72237853413824,128.39419555664062,130.15518188476562,115.846924
ID56,1998-02-08,125.1214,118.17141,127.986,120.053894,123.534706,121.94803,119.831085,120.411316,116.37233,121.163734,139.87375,122.07429159689332,125.24357301138787,125.06928304837626,126.87699549169679,125.42343254168982,128.19967466546322,123.14036370398445,125.14861682491562,120.05389404296875,127.98600006103516,122.22628211975098,124.1480598449707,122.86937467880578,125.71117584963642,120.05389404296875,139.87374877929688,125.31562
ID56,1998-02-15,129.4689,120.6543,121.31715,115.15648,120.81526,124.844444,121.80849,115.86323,114.62627,124.12201,140.83377,121.15443859735268,123.02085969723333,123.59659268908452,125.96338469226632,123.38564796778975,127.37357479116791,121.52088291571971,123.18878321527083,115.15647888183594,121.31714630126953,122.27337837219238,122.48619270324707,122.07038940184091,124.89613537483024,115.15647888183594,140.83377075195312,122.60652
ID56,1998-02-22,126.615295,119.8513,117.685104,115.613655,118.092186,123.15264,115.557205,115.931435,112.85352,121.80704,93.97685,118.69949906875004,113.68454645839438,113.41616231632874,111.22916292133077,114.04682158397117,109.29551044214041,118.4936672274676,113.57727907820936,115.61365509033203,117.68510437011719,119.79680347442627,114.54065704345703,119.48608637131278,112.83179146801538,115.61365509033203,93.97685241699219,107.23303
ID56,1998-03-01,137.78087,135.34402,130.81624,127.68413,125.174,132.63576,128.69527,129.8632,133.40892,115.63862,130.15518,129.15817545427043,129.56521828687656,131.1669036878827,130.92049043958295,131.04723399783313,130.73846183102333,130.55131452832708,130.34415387789747,127.68412780761719,130.8162384033203,129.22111320495605,130.44722652435303,131.37320129861223,131.29708156253224,127.68412780761719,130.15518188476562,149.05313
ID56,1998-03-08,136.16322,135.27748,130.3436,123.53297,120.048485,129.09334,125.20541,121.910736,119.8686,119.923874,139.87375,127.1894653912048,127.86938823009257,130.32816255677827,129.5596633241223,130.20470403623455,130.49159316489911,128.0771265061445,128.12306090738616,123.53296661376953,130.34359741210938,127.44854640960693,127.11834526062012,128.96584382507476,130.06691272234926,123.53296661376953,139.87374877929688,138.72961
ID56,1998-03-15,129.17589,127.0046,124.50931,118.24081,120.90227,123.723465,115.086815,118.05034,116.28448,119.46267,140.83377,121.56324643076529,123.3874690802534,125.92880736564526,125.9922420091142,125.67669893035695,127.45719719519396,121.7935991496569,123.50800015180678,118.24080657958984,124.50930786132812,122.26322746276855,122.88545894622803,122.92965589152989,125.8215577462108,118.24080657958984,140.83377075195312,116.26775
ID56,1998-03-22,129.3548,123.39035,121.57829,121.4787,120.538956,120.79902,122.42824,121.162766,117.75793,120.35278,93.97685,122.24236345789477,117.79129961574381,116.58236405427076,114.1577107504842,117.22685760883265,111.84795828356427,122.6035715231357,117.60625033118762,121.47869873046875,121.57829284667969,122.49014186859131,118.53456592559814,123.04852950942552,116.2356444800614,121.47869873046875,93.97685241699219,126.55181
ID57,1998-01-04,166.78862,135.06404,144.87679,139.07906,138.57913,136.38014,139.49982,140.39334,140.45891,156.1085,160.0342,145.01305758472,144.0051280231283,146.26851597342161,142.33445674115816,146.28002236268642,142.39345543759217,144.0326592757597,142.41849025510086,139.0790557861328,138.57913208007812,144.54701232910156,142.58261680603027,143.97109028070304,142.69872697562747,139.0790557861328,139.49981689453125,130.54971
ID57,1998-01-11,176.8432,152.36156,147.76971,148.48566,152.47403,151.41202,149.21443,156.66222,139.62518,162.59534,155.73383,154.30480403777787,154.81914412404768,151.27639606338087,153.48316116144005,151.08687771879195,153.9108842891262,154.68558294363,154.16043681074814,148.48565673828125,152.47402954101562,155.14449310302734,154.40285301208496,154.69233614384055,152.45535171590225,148.48565673828125,149.2144317626953,120.59442
ID57,1998-01-18,117.51051,126.32676,146.50793,147.1712,146.8636,154.74767,150.63321,144.17413,147.60083,170.86874,211.29669,140.70047768569842,141.45835972583467,154.61540344612152,148.22310121462652,153.89477751353834,147.39780638015915,144.94276394953468,142.33699694215525,147.17120361328125,146.8636016845703,145.07870388031006,141.74187755584717,145.57371772146823,144.94396341182443,147.17120361328125,150.63320922851562,134.50815
ID57,1998-01-25,134.80913,123.2389,140.83746,139.33511,138.58101,148.1726,150.1214,145.03615,150.00865,162.12839,145.85744,139.26671379850333,140.52548873235258,140.54116638402058,144.04633938489968,140.925988870975,143.29011793188204,141.97339900344713,140.39436405894264,139.33511352539062,138.5810089111328,142.153000831604,140.01647090911865,142.47259609281224,143.6324588518679,139.33511352539062,150.12139892578125,138.55865
ID57,1998-02-01,123.91161,112.56525,138.48253,131.11217,134.5275,136.7398,142.38657,139.8307,138.57364,160.61736,160.0342,133.01006127350757,134.49818876708443,137.12803176151556,137.43120286605415,137.5635087183296,136.58465135594633,134.86010834342363,132.97110529988117,131.11216735839844,134.52749633789062,135.04284763336182,132.4445161819458,135.39226845537414,136.02342988241583,131.11216735839844,142.38656616210938,149.53972
ID57,1998-02-08,116.05958,136.35405,137.49187,138.18285,132.04321,137.31212,141.17712,139.93512,138.31795,165.51617,155.73383,133.3720524887055,134.80398220913287,141.10838615728036,137.44907736888948,140.58722837103798,136.24547419115493,137.3674545825791,134.95348844842908,138.18284606933594,132.043212890625,138.01712131500244,134.81948947906494,137.80687347069747,135.39369366267064,138.18284606933594,141.1771240234375,127.275116
ID57,1998-02-15,122.627594,151.47357,136.64674,143.83846,145.08238,146.39238,145.86249,144.19218,147.096,168.1265,211.29669,139.44574428368338,140.48132240480777,156.49727811782049,144.3041107855141,153.92985640482487,143.77641726887978,144.4470953364668,142.12169341949237,143.8384552001953,145.08238220214844,145.00626373291016,142.0144748687744,144.93026680068374,142.02492854691292,143.8384552001953,145.86248779296875,125.44937
ID57,1998-02-22,164.91377,167.53041,150.50693,148.12053,146.69907,154.25952,152.4979,153.68475,154.8465,174.14017,145.85744,153.939635583989,153.88402540342335,155.21373412675706,153.1097206285333,154.51607497142825,152.7748554456008,156.3288714046003,154.28045002476944,148.1205291748047,146.69906616210938,157.3335361480713,154.77660942077637,156.45241069656078,152.93119463740658,148.1205291748047,152.49789428710938,79.53932
ID57,1998-03-01,125.94014,146.59818,136.0296,136.2735,141.49867,141.73384,142.55396,141.84917,142.99841,157.16371,160.0342,137.56062702080675,138.49630046986385,144.06052722829918,140.42237734981964,142.91908384262726,140.06179862885418,140.57065721244038,139.11898871312553,136.27349853515625,141.49867248535156,140.97394943237305,139.05963134765625,140.93677368652428,139.0470089222844,136.27349853515625,142.553955078125,156.97002
ID57,1998-03-08,142.40244,160.62994,142.05217,142.56595,137.70712,137.91565,138.39558,135.11261,139.45303,157.03378,155.73383,142.34618991154875,140.7679677122421,148.44894944477363,140.40663336911464,147.34212061971394,140.11998705187114,144.032181194081,141.68391348988447,142.56594848632812,137.70712280273438,144.83782958984375,142.09768295288086,144.0028562851944,139.2546493449918,142.56594848632812,138.3955841064453,125.39453
ID57,1998-03-15,160.15033,178.60771,145.82303,151.91953,143.01729,140.36256,138.27943,148.3715,148.77066,165.9144,211.29669,149.77733390017562,149.4706103690543,166.97765957134038,146.57233746580818,163.9437159020751,146.45006998581735,151.80242948251663,150.0164133879917,151.91952514648438,143.0172882080078,153.00928497314453,150.8164234161377,151.57343899674498,146.58884193106945,151.91952514648438,138.27943420410156,131.35191
ID57,1998-03-22,144.41835,169.93465,155.72351,154.53575,145.81929,142.94574,151.90149,154.27841,150.21118,173.139,145.85744,152.31851089644002,152.74612200971367,155.78563692217918,150.80741693102752,155.33627397987206,149.83802491153938,153.9446802852974,152.12567417490487,154.53575134277344,145.8192901611328,154.8022232055664,152.44464874267578,153.96577823880122,149.9206107444778,154.53575134277344,151.9014892578125,141.64914
ID58,1998-01-04,77.81819,79.14493,80.45307,72.99586,74.27136,78.76254,76.13132,76.221115,80.15824,95.29693,91.60968,81.46899765434046,81.06713053756994,81.94399749516629,80.87773917755571,81.69087923571405,80.94689023133466,80.76447252200379,80.94469894719722,72.99585723876953,95.29692840576172,79.35927486419678,79.76243209838867,80.44623738309457,80.69497086956495,72.99585723876953,95.29692840576172,74.81589
ID58,1998-01-11,78.59392,79.76974,80.70928,75.835144,75.27846,78.7575,76.75074,77.42139,79.417114,98.071304,101.459755,82.66669085344441,82.22906987303594,84.34911124223085,81.77247671535272,83.8599226223255,81.87538322544066,81.975947629292,82.02724497055958,75.83514404296875,98.07130432128906,80.47076034545898,80.66904067993164,81.63933912488105,81.73545990515741,75.83514404296875,98.07130432128906,76.499214
ID58,1998-01-18,87.97528,84.57162,86.32543,79.903625,81.76547,83.69898,83.78326,84.84198,83.131226,101.42112,124.65807,88.98071748058454,88.71636450521729,92.66283517629068,87.30965063518907,91.85326463291221,87.39866240402546,87.5044230068369,87.84949093781609,79.90362548828125,101.4211196899414,86.18059825897217,86.7978925704956,87.2268955764755,87.65777103453867,79.90362548828125,101.4211196899414,72.80379
ID58,1998-01-25,82.197464,82.76886,86.649414,81.71024,84.05305,82.83681,83.72822,85.266235,83.23367,97.326126,83.87691,86.08992710096506,86.09381169103284,84.59271738067274,85.96212089101452,84.80938624728037,85.78828656658878,86.2715466384009,86.53469819406354,81.71024322509766,97.32612609863281,85.1587724685669,85.603271484375,86.05339196339294,86.37504819944378,81.71024322509766,97.32612609863281,68.96371
ID58,1998-02-01,91.3484,84.35118,90.66922,85.30448,85.98488,90.15378,88.88324,92.62967,88.405304,98.25018,91.60968,90.9403660827137,91.2533541667159,89.10367105764769,89.61752962225596,89.36485441839014,89.3044906595986,89.95105521035038,90.5695796089323,85.30448150634766,98.25018310546875,89.3681697845459,90.28381824493408,89.98729367262172,90.702117121567,85.30448150634766,98.25018310546875,80.27354
ID58,1998-02-08,86.17738,84.23108,87.1623,81.23849,81.132454,82.26609,84.06009,85.91944,83.420815,99.54474,101.459755,87.72478909649908,87.66495477875169,88.53888444799657,86.6408753224955,88.31795509964842,86.66257476393199,86.86540831024517,87.21788359600214,81.23848724365234,99.54473876953125,85.72657775878906,86.31169700622559,86.62276489309257,87.0502561684081,81.23848724365234,99.54473876953125,80.22094
ID58,1998-02-15,88.23045,87.04836,87.85891,82.99391,83.4994,82.83633,88.395546,90.56405,84.89577,103.723114,124.65807,90.36049803709483,90.54504139890238,94.27980583979505,89.29573516776898,93.422174342115,89.35876958183309,89.47487811629247,90.08706168887333,82.99391174316406,103.72311401367188,88.07325267791748,89.0195198059082,89.15556140449871,89.8780926618492,82.99391174316406,103.72311401367188,90.79432
ID58,1998-02-22,86.66297,88.173615,89.95651,84.75543,81.96278,85.01667,84.08104,92.07863,85.2722,103.8499,83.87691,89.88236902592215,90.2409753273329,87.67691493296314,88.97331801274831,87.88828755379112,89.17756823084179,89.31358815949692,89.93334717822205,84.75543212890625,103.84989929199219,88.05736541748047,88.97276496887207,88.99733491818232,89.71734888974578,84.75543212890625,103.84989929199219,81.430824
ID58,1998-03-01,92.39696,88.66063,91.77608,87.3481,90.361084,91.438324,93.69696,94.46442,90.151924,96.18788,91.60968,92.36209103625126,92.70769441540348,90.64429046375727,91.85910132238564,90.80204657338919,91.63422089667114,91.91170856501509,92.51179923799769,87.34809875488281,96.18788146972656,91.48325157165527,92.3727912902832,91.91369036209764,92.60793167265115,87.34809875488281,96.18788146972656,80.97054
ID58,1998-03-08,84.71119,85.719955,88.18256,83.50979,87.95747,89.46628,90.712524,91.12378,86.48281,98.13922,101.459755,89.09780257853421,89.44745604373962,89.66571705891258,89.3682050673842,89.48866076156445,89.09291729615238,89.53537842982088,90.15904197406445,83.5097885131836,98.13922119140625,88.5498743057251,89.50162315368652,89.4195735321568,90.14981254508974,83.5097885131836,98.13922119140625,78.85323
ID58,1998-03-15,90.381256,86.952095,86.0339,82.98604,85.670296,85.24532,85.18766,87.66151,83.7853,99.081024,124.65807,90.34672078561196,90.20751582471345,93.51784682001542,88.5569655912276,92.59515337524184,88.75183405791861,88.76567450686296,89.11517263660713,82.98603820800781,99.08102416992188,87.69219875335693,88.27663230895996,88.50771517110087,88.93294527117857,82.98603820800781,99.08102416992188,85.178856
ID58,1998-03-22,93.25648,92.8261,91.502365,88.04084,86.94642,88.485146,91.277115,88.582565,86.73677,101.946396,83.87691,93.69972956399172,93.25071688364051,89.81134901760574,92.44953463464482,89.97164417434062,92.7676296820006,92.65979858896054,92.63672907913713,88.04084014892578,101.94639587402344,91.78510761260986,91.85282325744629,92.41844311310558,92.42193015161365,88.04084014892578,101.94639587402344,88.08522
ID59,1998-01-04,114.770454,112.54232,115.39592,116.41395,109.27748,118.669304,116.48527,115.073784,114.55819,124.40227,122.54077,115.64520631020966,114.30546316959833,116.60666551848361,118.4838441697151,116.5748124723766,118.5548571330783,116.05667154731685,115.46676662471425,116.41394805908203,114.55818939208984,115.99462032318115,114.80202674865723,116.27825846329203,115.62593329396103,116.41394805908203,114.55818939208984,116.162544
ID59,1998-01-11,115.30942,112.39164,114.87098,115.655014,108.31456,110.87911,111.34707,110.51365,110.04736,126.88071,131.64124,115.0374952362195,112.356783755437,117.48325454502086,111.08985216471419,117.1994157452516,111.16871962239807,111.42362703649464,110.83168631127069,115.65501403808594,110.04736328125,114.45606231689453,111.75242328643799,112.10999007292803,111.123078148583,115.65501403808594,110.04736328125,124.44766
ID59,1998-01-18,113.7289,116.61124,118.09788,117.334366,110.76687,114.228226,118.349655,114.25546,112.71811,129.45325,152.93266,117.38594613292,115.36177519838267,123.64708175186992,114.20447374033897,122.93112321244895,114.68507142660481,115.37513614464979,114.39156661843953,117.33436584472656,112.71810913085938,117.32129669189453,115.29522514343262,116.01468448408782,114.80097365912714,117.33436584472656,112.71810913085938,110.37612
ID59,1998-01-25,122.820854,119.86566,122.47659,122.67779,114.856346,117.38751,124.45531,121.4445,120.911446,126.48183,110.560234,121.19077944017714,120.16923389212339,119.80192863939558,117.64596437582294,120.12961511027805,117.44689728185868,119.54339893776266,120.08270694083076,122.67778778076172,120.91144561767578,121.37773609161377,120.50939464569092,120.50859828793642,120.56494017532594,122.67778778076172,120.91144561767578,113.624405
ID59,1998-02-01,134.90327,122.18234,128.40793,129.35104,120.3208,127.231476,131.1355,130.24188,117.92559,127.70012,122.54077,126.9528798017808,125.06085548734443,124.96516656302995,127.59640647891615,125.56538162794047,127.1603011625644,127.03449576033161,124.61890017854265,129.35104370117188,117.92559051513672,127.65406036376953,125.84957027435303,127.96597037899623,124.73217735795309,129.35104370117188,117.92559051513672,136.4019
ID59,1998-02-08,122.094154,116.31725,122.163475,119.70625,116.28125,125.26001,122.000916,123.66024,115.00142,129.0391,131.64124,120.97477744396565,119.21234526740754,121.7583731119332,125.10941696303323,121.9526354550484,125.1170283727319,122.10101407593777,120.09018607548941,119.70625305175781,115.00141906738281,121.60780048370361,120.04885196685791,122.18482410190923,119.93861042629692,119.70625305175781,115.00141906738281,133.98212
ID59,1998-02-15,127.75452,120.598915,119.50379,117.32115,116.916954,126.31553,122.86266,119.52633,119.46927,132.71573,152.93266,122.35073636280752,119.53398871622917,126.74208687882083,126.38397836195854,125.97795741572823,126.48822783916584,122.71132179039961,121.38789216929729,117.32115173339844,119.46926879882812,122.99865627288818,120.3143253326416,122.93893088885717,121.40213795333943,117.32115173339844,119.46926879882812,116.10994
ID59,1998-02-22,127.06715,125.650986,121.98892,121.39159,120.64818,126.106606,120.16346,123.717514,131.55002,131.88791,110.560234,124.72942731431465,123.97135798109655,122.78760318339188,126.15229634890122,122.7079596270228,125.915749141349,123.27845354000469,125.72463228801396,121.39158630371094,131.55001831054688,124.36309909820557,123.90215873718262,123.35867071238118,125.77415660451541,121.39158630371094,131.55001831054688,120.81799
ID59,1998-03-01,133.37585,132.3649,128.9888,126.9368,129.24454,132.89774,134.33295,135.51826,122.96153,125.8581,122.54077,129.7457980942753,129.57450069559582,127.3103647718971,132.92047866363296,127.53273608682666,132.68077227542508,131.85142443626685,129.5858997049839,126.93679809570312,122.96153259277344,130.4999589920044,130.40568923950195,131.9418005941157,129.33828803823647,126.93679809570312,122.96153259277344,154.0505
ID59,1998-03-08,134.21805,132.068,124.08075,121.22763,123.26152,121.88224,128.53583,123.03385,117.87983,128.6117,131.64124,126.70628921470714,124.16716462681077,126.42835244506338,122.46902763394516,126.04544726517497,122.18357733692142,124.26609343851129,122.22473996872694,121.22763061523438,117.87982940673828,126.73571300506592,123.99620532989502,125.20760923175182,122.46806994373392,121.22763061523438,117.87982940673828,123.80326
ID59,1998-03-15,125.44185,123.23039,119.569855,118.01352,122.117874,119.61815,121.61725,122.16109,119.788345,127.37308,152.93266,122.1148845633634,120.63281913815261,126.97269096421125,119.8951694455771,126.03478669398909,120.10607645424227,120.60387491404633,120.46290517969082,118.01351928710938,119.78834533691406,122.12274551391602,120.76455879211426,120.82478479789988,120.37781291070615,118.01351928710938,119.78834533691406,101.3414
ID59,1998-03-22,129.0376,128.69823,123.546326,122.09696,125.20521,125.814804,131.32634,125.86905,134.86426,130.00757,110.560234,126.24133521014441,126.16314864976462,124.35282081835553,125.96810530375184,124.20475572241992,125.78287707109568,126.73709874918626,129.05288519165714,122.09696197509766,134.8642578125,126.96662902832031,127.17764663696289,127.05662278990225,129.36444817180566,122.09696197509766,134.8642578125,113.86962
ID6,1998-01-04,147.88316,141.06998,146.85605,132.12921,132.9433,137.43942,131.05078,135.97319,134.64397,162.34615,159.4813,147.43805978925397,146.37140923626737,145.27684022412427,145.00193260495212,145.35945886441954,144.01454727302755,142.02913396027316,140.81395023926632,132.12921142578125,134.6439666748047,141.4647560119629,140.55354690551758,145.94325351856148,146.07029618527784,132.12921142578125,162.3461456298828,115.94388
ID6,1998-01-11,135.4741,136.44533,144.56145,133.41196,133.64163,141.22333,133.64664,139.25168,130.79684,165.79082,163.40703,145.16028307073682,144.13291935329676,143.61616684535332,143.1215869357406,143.72012293326688,141.8839907784458,140.3903213883162,139.04357483551152,133.41195678710938,130.79684448242188,140.52440643310547,139.50446128845215,143.7632923981542,144.38807254005008,133.41195678710938,165.7908172607422,111.507935
ID6,1998-01-18,126.1449,137.83372,140.93327,130.51053,133.7868,137.9255,132.30247,134.84828,132.97316,166.72429,198.76701,142.3819354003537,141.72625998601015,149.01937570843955,145.15832711865647,147.8826127518886,143.6613593398888,138.05640120023276,137.19947157219184,130.51052856445312,132.97315979003906,138.2701873779297,137.59339904785156,141.46456053867553,147.65138906555055,130.51052856445312,166.7242889404297,118.55159
ID6,1998-01-25,134.6922,141.1209,142.98306,133.48907,134.00363,136.85669,135.32375,141.05013,136.77728,162.52725,149.13548,144.09321304486306,143.65276143656956,142.20021781540285,143.00901445003785,142.14439436024978,142.98581225885948,140.2147677906339,139.98980024398048,133.48907470703125,136.77728271484375,140.12456893920898,140.06464385986328,143.56553138344987,143.41404351506623,133.48907470703125,162.52725219726562,84.36791
ID6,1998-02-01,145.85602,138.01218,149.02382,137.58218,129.09117,133.40718,141.23,137.8043,143.1061,165.62555,159.4813,147.50340440165624,146.81259472783586,147.29048751269028,146.87524692904813,147.38919659087622,146.54889913854728,142.65019028841562,141.82130047828912,137.58218383789062,143.10609436035156,142.47851181030273,141.31058502197266,147.34599029366493,148.32361940796417,137.58218383789062,165.62554931640625,135.37415
ID6,1998-02-08,128.29387,135.46321,145.36017,132.44055,124.933334,128.7325,133.60336,133.78026,134.5221,168.5065,163.40703,142.22463008040728,141.18123837111509,143.84078279770364,142.541351347546,143.79184942269256,141.79563590482866,136.99768414255988,135.9107732004735,132.4405517578125,134.5220947265625,137.16668701171875,135.83403968811035,142.5704778164213,144.15726254600958,132.4405517578125,168.50650024414062,129.46428
ID6,1998-02-15,136.71017,140.41109,140.03508,130.3211,132.18791,135.21184,137.38751,135.79323,131.47206,168.8189,198.76701,145.29732636872174,144.6990840339636,149.71291276781142,146.7214675021794,148.39699596249062,144.98305098673563,140.42542987506414,138.82017979106794,130.32110595703125,131.47206115722656,140.13545036315918,138.86578750610352,144.3341898373477,149.43657161461448,130.32110595703125,168.8188934326172,138.50624
ID6,1998-02-22,135.0651,141.85214,143.44153,132.58385,130.10954,133.6599,131.31847,135.90863,134.42116,170.6817,149.13548,145.91867451295877,145.17060771114097,142.40973635101471,143.9082026028483,142.34221054138118,143.75696906545153,140.20703112571042,139.37201263793608,132.58384704589844,134.42115783691406,139.83902740478516,139.28525161743164,145.4502322392138,144.37970954509126,132.58384704589844,170.68170166015625,148.4127
ID6,1998-03-01,151.64792,142.35423,147.72272,140.18033,133.41779,130.78676,139.45201,137.01593,139.99545,163.90819,159.4813,148.95545637875543,148.1954804695709,147.82921088613,147.92494415334184,147.68756218863433,146.9236582766618,144.38973398449193,143.07557790117067,140.18032836914062,139.99545288085938,143.68374252319336,142.4133243560791,149.1249750268482,149.16108526728968,140.18032836914062,163.90818786621094,146.40022
ID6,1998-03-08,136.82861,131.57098,144.66988,135.63004,132.9941,134.39967,136.29375,136.02905,135.19142,166.42941,163.40703,144.29796863632657,143.4543054495589,143.8107015205381,143.60936026595238,143.91818121744743,142.47015855923644,139.69342026026334,138.50461403469805,135.63003540039062,135.19142150878906,139.85205459594727,138.6341609954834,143.57504953280537,144.90796052704704,135.63003540039062,166.42941284179688,132.2704
ID6,1998-03-15,129.07437,134.11037,145.31,135.57716,130.03969,134.13521,129.03995,129.55602,128.80583,164.87915,198.76701,142.35883529703142,140.8415136772775,149.42890213051072,144.3552816499586,148.81952920913025,141.60799271843948,137.554088820404,135.46629480588507,135.57716369628906,128.8058319091797,137.77073669433594,135.77222442626953,142.17658084572918,147.47663772107464,135.57716369628906,164.879150390625,137.44331
ID6,1998-03-22,120.22066,133.13667,142.48222,134.24248,132.17197,132.19095,133.31483,131.00389,131.00854,166.80109,149.13548,140.0771356022161,139.00434156420127,139.19800417425503,139.68686071244124,139.45979788597475,138.9532182473566,136.2598495751854,134.64228601347924,134.2424774169922,131.008544921875,136.8201084136963,135.09703063964844,140.33069401295256,140.00451436398237,134.2424774169922,166.80108642578125,163.23697
ID60,1998-01-04,115.70879,118.52579,131.85295,114.14303,117.35162,119.158844,115.2484,110.30972,120.43347,146.25511,165.25513,122.93197280611692,122.93197280611692,131.46264394124313,120.73735899414842,131.31670133493168,123.47750136644608,122.61299085383096,122.61299085383096,114.14302825927734,115.70879364013672,122.28056716918945,122.28056716918945,121.57575708270997,119.85823033414543,114.14302825927734,115.70879364013672,120.41031
ID60,1998-01-11,112.621635,117.23797,131.9154,115.50854,120.80547,113.71,121.567764,112.14156,115.59152,152.00366,167.6486,122.18559602791953,122.18559602791953,131.20737356386445,121.61276647232039,131.06925068856214,124.64626790102695,123.75984258891219,123.75984258891219,115.50853729248047,112.62163543701172,123.1713056564331,123.1713056564331,122.52405651384885,120.94707533856732,115.50853729248047,112.62163543701172,104.0242
ID60,1998-01-18,100.95651,117.46716,126.2203,113.83168,114.9971,113.38657,120.068245,113.33469,119.72807,151.38452,182.94319,118.61855123280786,118.61855123280786,132.43579929989923,119.16690388926855,131.3941107541317,122.27885322442953,120.28890090797609,120.28890090797609,113.83168029785156,100.95651245117188,119.78901195526123,119.78901195526123,119.02138995991525,118.00714010149447,113.83168029785156,100.95651245117188,106.37822
ID60,1998-01-25,106.18357,124.809715,128.86865,118.516754,125.72137,122.65658,126.74712,124.913155,122.608574,144.27449,121.948975,123.3439293673275,123.3439293673275,124.14215001306071,124.49754049473603,124.48843332720143,126.29774769500882,124.72691926206666,124.72691926206666,118.51675415039062,106.1835708618164,124.72228145599365,124.72228145599365,124.02056162729622,123.74195315540017,118.51675415039062,106.1835708618164,101.86744
ID60,1998-02-01,128.6361,128.0432,140.42255,128.77539,123.77345,127.46938,134.90277,129.72733,129.03241,149.38223,165.25513,131.8544417107277,131.8544417107277,139.3237101068061,133.2174304873634,139.33324027487274,134.75113513300613,133.3225970353411,133.3225970353411,128.775390625,128.63609313964844,132.67563343048096,132.67563343048096,132.4564551570526,131.63931860326477,128.775390625,128.63609313964844,104.642296
ID60,1998-02-08,127.8983,121.406876,136.62718,123.99781,120.00553,122.44413,122.85968,125.84433,121.67019,154.05574,167.6486,129.27997734468062,129.27997734468062,136.07245745706265,129.11323655277027,136.08538001996297,131.51843013018998,129.4153506555769,129.4153506555769,123.99781036376953,127.89830017089844,128.6619062423706,128.6619062423706,128.27582645199746,127.45596525754614,123.99781036376953,127.89830017089844,102.590744
ID60,1998-02-15,133.63878,123.12474,125.551025,117.674164,120.30945,125.15402,126.33579,119.09589,121.808685,153.92633,182.94319,130.88644303326564,130.88644303326564,136.06088645043255,128.03613558100994,134.83457540559462,130.10934385293658,129.57750133526548,129.57750133526548,117.67416381835938,133.63877868652344,128.21428775787354,128.21428775787354,128.92568080747645,128.33096326087895,117.67416381835938,133.63877868652344,119.21357
ID60,1998-02-22,126.38132,117.04449,125.565384,118.73907,122.383675,121.20571,116.47864,115.83147,121.85259,153.71526,121.948975,127.18014236396472,127.18014236396472,123.41905514731793,123.94224046557608,123.77395356032017,126.68085504023503,125.95931604699865,125.95931604699865,118.73906707763672,126.38131713867188,125.1891918182373,125.1891918182373,125.08140404121485,124.25375761899934,118.73906707763672,126.38131713867188,114.68964
ID60,1998-03-01,141.36884,137.12773,139.29686,131.2446,127.52819,124.18641,130.25839,131.17387,125.484795,146.63458,165.25513,136.21055127096216,136.21055127096216,141.03084192577765,135.5059048052502,140.63517621548607,136.73995350061986,135.66074091517163,135.66074091517163,131.24459838867188,141.36883544921875,134.7056999206543,134.7056999206543,134.9946019633094,134.35230025477387,131.24459838867188,141.36883544921875,128.23514
ID60,1998-03-08,138.44392,137.01428,137.87209,128.97571,121.23276,120.690094,125.2873,121.8612,122.865555,151.74458,167.6486,135.02950938760023,135.02950938760023,140.5159237211109,132.83749868606725,139.95626742094365,135.0182464271354,133.88821047602087,133.88821047602087,128.9757080078125,138.4439239501953,132.65759181976318,132.65759181976318,132.92186568055462,131.6120524962437,128.9757080078125,138.4439239501953,107.02262
ID60,1998-03-15,123.00775,129.40797,132.03554,124.69048,122.10835,120.38728,119.218124,118.15323,117.497444,150.35487,182.94319,129.0355382232412,129.0355382232412,138.201682158331,126.87923899105574,137.26083893427128,129.4619825107163,128.2342925031448,128.2342925031448,124.69048309326172,123.00775146484375,127.6512975692749,127.6512975692749,127.2677878018431,126.13801047046286,124.69048309326172,123.00775146484375,113.874275
ID60,1998-03-22,121.99794,127.81313,130.97028,126.17037,123.28503,120.77186,123.22405,121.695045,120.7103,151.17804,121.948975,128.7767376847995,128.7767376847995,127.07376376893593,127.775104302618,127.43305776014022,130.16108385485128,128.79692568311677,128.79692568311677,126.17037200927734,121.99794006347656,128.17633724212646,128.17633724212646,127.86329187306696,127.10747607809581,126.17037200927734,121.99794006347656,115.18938
ID61,1998-01-04,164.32195,165.55472,159.39444,156.82765,159.48871,154.88489,163.59082,163.36012,179.60693,159.00603,162.00684,160.701514688907,161.423452008668,164.1438161643065,163.3412488571392,163.34487873225459,164.00739996288047,160.16438066950127,162.37279193145707,156.82765197753906,163.36012268066406,160.3836498260498,162.1113395690918,160.20131322801132,162.52394428537806,156.82765197753906,156.82765197753906,116.583374
ID61,1998-01-11,153.57257,152.72484,155.08408,151.83362,159.60983,156.40883,158.59476,160.94708,158.00592,161.29181,165.00526,155.3432387614881,155.93058663118762,156.78273681590855,157.24300822507067,156.5867234354717,158.0681001248353,156.01346458649166,157.09294284466662,151.8336181640625,160.94708251953125,156.14004135131836,157.09421730041504,155.8359567318207,156.19161181271593,151.8336181640625,151.8336181640625,125.5918
ID61,1998-01-18,154.82492,152.2171,149.6225,145.56064,157.94313,156.12662,156.74522,162.58807,155.50471,155.50064,155.01051,151.87045899417757,151.9556910359925,152.12663058042727,154.8191410230062,151.84707085791746,156.95323928637157,153.39635066319644,154.8125351580048,145.56063842773438,162.58807373046875,153.56759643554688,154.70890426635742,153.01664699908636,153.82577173010864,145.56063842773438,145.56063842773438,132.08838
ID61,1998-01-25,156.87503,155.56012,152.23273,147.28654,158.71185,161.32819,157.84492,161.7325,157.99835,156.92162,152.51184,153.99374228774437,153.93177406947666,153.71309677292095,156.20458034342644,153.56618357881845,157.79971391117363,155.7029873374485,156.69444662980672,147.2865447998047,161.7324981689453,155.84512519836426,156.63585090637207,155.31554539975997,155.95302678885318,147.2865447998047,147.2865447998047,141.202
ID61,1998-02-01,168.65862,164.20355,164.62158,159.40904,162.04515,162.25699,166.16008,165.45294,166.35107,160.19406,162.00684,163.27765078809082,163.28213021252512,163.70466944938266,163.9655002845579,163.7521831116764,164.60274768882428,163.3672059407417,163.7324637741714,159.40904235839844,165.45294189453125,163.44363403320312,163.62368202209473,163.26700928654,163.83009708194902,159.40904235839844,159.40904235839844,128.2746
ID61,1998-02-08,154.25604,153.87953,158.79337,152.47983,154.33191,155.95374,158.67464,158.56958,153.499,159.66943,165.00526,155.98355231361307,156.0380856377327,157.22969610531058,156.13790957055343,157.38201169303267,156.67132105431907,155.87952898646438,155.9019231575229,152.47982788085938,158.569580078125,156.00481033325195,155.94411087036133,155.8626118140105,155.96085210653885,152.47982788085938,152.47982788085938,135.24461
ID61,1998-02-15,150.5119,152.96625,146.44963,143.87997,150.63303,146.6263,153.23497,149.01352,143.7551,158.81699,155.01051,150.3647474406149,149.20221752553002,149.36229233066774,148.6730965000934,148.93114138970245,148.697937677551,150.04564006689392,148.4738781713415,143.87997436523438,149.01351928710938,150.38987922668457,148.7108039855957,150.13386425808687,149.07164411220273,143.87997436523438,143.87997436523438,144.91057
ID61,1998-02-22,145.2756,156.81433,146.97781,145.01915,148.26186,150.21806,156.10869,148.8489,143.13068,156.00237,152.51184,149.948707146596,147.88511117831013,149.3430255005453,147.86774062083884,148.9252754411938,148.2023425962219,150.11473482102753,147.78158992490884,145.01914978027344,148.84890747070312,150.5847339630127,147.96680450439453,150.04557387100027,148.96782091956757,145.01914978027344,145.01914978027344,144.93687
ID61,1998-03-01,157.40189,165.36586,161.28972,157.09114,159.13713,165.14491,163.80246,164.65865,152.33487,159.0402,162.00684,160.08943909975633,158.31548257622535,159.92541390979062,159.52184190129108,160.02240991043993,160.96286551551205,160.85042775319863,159.52528772125854,157.0911407470703,164.6586456298828,161.03416442871094,159.51231384277344,160.6286876675429,160.25597824942437,157.0911407470703,157.0911407470703,159.06102
ID61,1998-03-08,156.98831,164.8225,159.47427,155.44167,161.77612,165.39188,160.8194,161.02658,161.87779,161.34293,165.00526,159.69669441220603,158.93532098243497,161.33241447548232,160.04943327599065,161.02488675551282,160.43980278048713,160.6265540789263,160.40334345915176,155.44166564941406,161.02658081054688,160.75713348388672,160.41494369506836,160.4269613980448,160.4969770451143,155.44166564941406,155.44166564941406,142.87218
ID61,1998-03-15,151.45619,148.2998,149.97435,146.9549,160.9752,159.93051,156.71056,159.40656,150.12724,158.21382,155.01051,151.7357220211697,152.02305540847323,150.76255553603357,153.83311115869688,150.81686235826368,154.96559998022644,153.9713603842354,154.56971727021718,146.95489501953125,159.40655517578125,154.06441688537598,154.62984657287598,153.45747852046296,152.93421286165835,146.95489501953125,146.95489501953125,148.77696
ID61,1998-03-22,140.27805,147.69617,148.33983,147.39012,155.37029,157.4202,153.57016,152.21143,148.06502,155.37036,152.51184,148.65823611901976,148.59692109446078,148.74557925819323,149.7764326345189,148.77083264272508,150.0704902019043,150.53053657231823,150.4622354298774,147.39012145996094,152.21142578125,150.67939567565918,150.55566024780273,150.09525146856024,149.4104816103803,147.39012145996094,147.39012145996094,147.35666
ID62,1998-01-04,84.66057,85.71269,89.44006,84.7689,84.09288,84.37508,83.25475,78.747635,84.35228,102.03571,117.06996,88.03259504669788,88.2178004657017,92.86480491659594,92.70323468392183,92.39040789361994,94.69837433909665,88.75746088508032,91.28981440084316,84.7688980102539,102.03571319580078,87.29258060455322,91.51663208007811,88.56846579912019,87.61746979964565,84.7688980102539,102.03571319580078,81.90426
ID62,1998-01-11,79.464325,83.19646,86.21279,83.96577,78.84266,84.2259,83.23126,79.474754,82.96173,104.6883,108.7454,86.21633844142443,86.14817730334626,89.60399907798943,90.00923166335002,89.18259539629506,92.58301166814059,86.62768918730202,88.57388535062312,83.96576690673828,104.68830108642578,85.47843265533447,88.50967884063719,86.46589149644403,85.71250980745174,83.96576690673828,104.68830108642578,80.19463
ID62,1998-01-18,80.96383,89.77836,92.33341,87.06133,83.07194,82.66898,87.9604,84.08926,89.42105,105.9847,131.97002,89.8322196129749,90.47011973500791,98.144741142765,96.43002690449065,97.2363521371728,98.5785050177727,90.24207895259907,94.40412929758493,87.06133270263672,105.98470306396484,88.7278699874878,95.0730800628662,90.13832379621681,89.70889634654016,87.06133270263672,105.98470306396484,82.73277
ID62,1998-01-25,81.22579,91.00029,93.51726,92.08994,87.10587,87.6327,92.61443,90.169846,90.884346,101.368614,84.258286,91.5142022735623,91.53834144794774,90.4790648410506,90.97997404156838,90.74159344452146,92.05825856154505,91.27318366177226,90.61083582806573,92.0899429321289,101.36861419677734,90.81936264038086,90.18130016326903,91.34509662438938,91.15763837351527,92.0899429321289,101.36861419677734,83.193054
ID62,1998-02-01,108.21927,115.32292,106.81594,101.94279,94.59614,94.52343,100.87,100.52337,103.38324,104.85002,117.06996,103.95327918829587,104.8617863017,109.12616947106025,106.6346250032008,108.50038115530793,106.96586795194858,105.54512375527594,106.69137134005227,101.94278717041016,104.85002136230469,103.39256381988525,106.52503490447997,104.86938241349861,104.55697177080228,101.94278717041016,104.85002136230469,94.43714
ID62,1998-02-08,99.47227,100.17664,96.87015,93.16363,85.282166,93.567055,93.647415,90.676674,90.30966,106.98016,108.7454,96.47532281008579,95.9512224404911,98.85720798319792,98.52852116371623,98.53123931605595,100.41677282670668,97.59229149606624,98.22167189931531,93.16362762451172,106.98016357421875,96.14493560791016,97.62500953674315,97.04057850080952,95.99389300322655,93.16362762451172,106.98016357421875,88.808525
ID62,1998-02-15,89.7666,94.79899,93.20213,90.46332,89.31376,93.387924,95.52667,87.53312,91.977066,110.39863,131.97002,95.27944994839156,94.81166526974418,100.81620412712103,100.40590298727355,99.8320152230911,102.6277363960574,95.18077669867533,98.59459925771375,90.46331787109375,110.39862823486328,94.607253074646,98.98631381988524,95.17351655113862,94.25810787840771,90.46331787109375,110.39862823486328,113.729614
ID62,1998-02-22,85.89792,94.78085,91.82004,91.24516,90.30742,92.29478,89.11396,87.76548,90.02047,109.69151,84.258286,94.00162529901743,94.01603391346273,91.2126281980052,93.6809261606771,91.24100220157669,95.55392038411537,94.43235336979407,93.14337226868741,91.24516296386719,109.69151306152344,93.14395523071289,92.25270748138426,94.22936204651138,93.5163637902138,91.24516296386719,109.69151306152344,112.8485
ID62,1998-03-01,111.17373,114.1801,104.52434,102.01343,99.747604,105.52724,103.90525,102.636765,104.9147,102.24886,117.06996,105.25321630528559,105.33699820416604,108.63224108276636,106.87373411796324,107.98959887405442,106.74925686118249,105.91270939140233,106.94367817760082,102.013427734375,102.24886322021484,105.41506862640381,106.9840908050537,105.38146219684587,105.19154419142026,102.013427734375,102.24886322021484,104.15571
ID62,1998-03-08,100.79335,109.192215,101.565605,97.46694,94.88768,95.18783,98.24586,97.2308,97.11882,106.26921,108.7454,101.08965359623211,101.14697673224178,103.30308519837158,102.64283409525423,102.85019943325852,103.4557618694692,101.99993634173185,102.41333229119516,97.4669418334961,106.26921081542969,100.45108604431152,102.00490283966063,101.55720769620089,100.90167504850697,97.4669418334961,106.26921081542969,92.332985
ID62,1998-03-15,96.434006,101.973526,93.75424,91.90306,90.77995,92.05871,91.56082,92.70119,94.52519,105.49455,131.97002,96.14589865444792,96.6906658390195,102.96984660641493,101.79310856686443,101.6894836438033,103.21459741941749,97.15870432489541,100.47035259115434,91.90306091308594,105.49455261230469,95.49485874176025,100.8543186187744,96.73978725376179,96.42031633342,91.90306091308594,105.49455261230469,90.991585
ID62,1998-03-22,93.477646,95.378365,96.229126,96.44333,92.9536,92.47865,95.54687,93.45145,96.67338,106.7152,84.258286,96.72356247534023,97.1428044249383,94.34940697641493,95.97329503328669,94.55324005004623,97.16609931918822,97.12307557575012,95.89625237933778,96.44332885742188,106.71520233154297,96.15284824371338,95.26611614227294,97.1137874374115,96.86334841160686,96.44332885742188,106.71520233154297,99.57917
ID63,1998-01-04,58.651794,61.72131,59.332615,54.168182,54.962463,58.09449,57.648056,63.695274,61.790672,86.0859,89.92635,61.930098096218295,63.257830853965004,66.52205027617468,65.96627336297969,65.56391334891931,66.23102744527091,61.171066334883434,61.69287322140702,54.168182373046875,58.09449005126953,61.33310127258301,61.96353626251221,62.436196919639094,62.73136916146428,54.168182373046875,86.08589935302734,52.222515
ID63,1998-01-11,63.53036,59.59759,61.02275,56.54425,55.896202,57.739273,56.303,57.4457,62.874588,89.522575,87.37507,63.39879634568293,61.92995544288581,66.98150939364488,65.56541960891803,66.24919954605907,65.6009247304566,62.12205520594732,61.37366055908652,56.54425048828125,57.73927307128906,62.519500732421875,61.75891828536987,63.40708851452389,62.51154047128364,56.54425048828125,89.52257537841797,58.035244
ID63,1998-01-18,63.842262,67.27853,63.929573,59.07572,64.27059,65.09751,68.144905,68.22388,70.18725,92.97692,132.95634,68.94171431927327,70.173513556586,79.16752711271457,74.39262478172056,77.22637770156253,74.62557442149495,68.15188109964035,68.45064166100548,59.075721740722656,65.0975112915039,68.07700157165527,68.6247034072876,69.38969090668203,69.37173584971598,59.075721740722656,92.97692108154297,83.73225
ID63,1998-01-25,58.22055,65.17375,64.99318,62.715244,68.81962,70.41593,72.380394,74.80088,74.24201,86.59609,67.88532,67.87402065761609,72.19982205996101,67.48034827298073,73.64190832817494,67.18733035915395,73.93039869262789,69.52475480734387,71.01993843784871,62.71524429321289,70.41593170166016,68.66434526443481,70.73688650131226,70.57315397516129,71.55427733232966,62.71524429321289,86.5960922241211,92.30668
ID63,1998-02-01,72.64324,78.94764,75.77913,71.08824,73.98929,74.06858,79.688866,81.45755,76.957855,89.07673,89.92635,77.28430562988454,79.56688261819848,79.1047504295198,79.90141690425848,78.56873597903102,80.06274547868651,76.97856186567566,77.89542566622443,71.08824157714844,74.0685806274414,76.9102144241333,78.01200294494629,77.64521940431018,78.35681319153261,71.08824157714844,89.07672882080078,102.86691
ID63,1998-02-08,77.15926,74.585075,67.47811,65.76627,70.41451,71.59268,72.824776,77.67923,72.99157,92.13053,87.37507,76.11589157355361,76.20472999069074,74.93345841094215,77.02531743347012,74.03441491279473,77.32885881541512,73.61209972555598,73.94333075375786,65.76627349853516,71.59268188476562,73.99390316009521,74.05889892578125,74.25783174919066,74.68796204482388,65.76627349853516,92.13053131103516,77.10416
ID63,1998-02-15,74.6575,77.50369,66.31295,64.645386,70.62034,72.683136,72.98067,74.33057,73.15733,96.7386,132.95634,76.69014800328527,76.68217138359404,83.5766793601514,79.54724607600954,81.41977160819417,79.89195307346205,74.22833865542435,74.21388812598563,64.6453857421875,72.68313598632812,74.51778411865234,74.4769172668457,75.17395162201599,75.06231589048076,64.6453857421875,96.73860168457031,72.2383
ID63,1998-02-22,68.31916,71.25487,65.82319,61.906246,67.035484,72.86804,72.39112,72.1888,74.5744,97.85114,67.88532,72.97901173412082,74.07231389592376,69.90685402147555,75.94726590412141,69.42388465021004,76.30275387049248,72.43313634575793,72.67454721043939,61.906246185302734,72.8680419921875,72.18115663528442,72.66486120223999,73.58760377269024,73.52691286008238,61.906246185302734,97.85114288330078,67.137955
ID63,1998-03-01,81.744064,84.190674,76.27576,73.714676,83.93268,84.25412,88.07346,84.32446,83.58293,86.2395,89.92635,83.73032377230486,84.42037940310215,81.91577744199081,84.0594659468952,81.20135872170673,84.28303016489618,82.53248248160696,82.83593106271536,73.71467590332031,84.25411987304688,82.30311679840088,82.62566661834717,82.50252315150738,82.79655774464011,73.71467590332031,86.239501953125,87.467125
ID63,1998-03-08,71.9616,78.20665,72.8701,69.35502,81.71691,80.48423,81.03794,79.64795,80.545815,90.520065,87.37507,78.87004992007368,80.96004934359858,78.17597135348186,81.60186271993518,77.50020588788728,81.76517912917049,78.82512590341531,79.3999804876108,69.35501861572266,80.4842300415039,78.26906490325928,79.2298583984375,79.4663303094748,79.70522458936102,69.35501861572266,90.52006530761719,58.587585
ID63,1998-03-15,72.29541,75.14152,69.78984,66.40408,77.170105,77.1756,77.95079,76.365814,75.49385,90.40591,132.95634,76.82132676831313,77.9582848188638,84.11604530818033,81.13443101265506,82.35354680519315,81.39107204498423,76.14265459977138,76.43158426000531,66.40408325195312,77.17559814453125,75.79165649414062,76.30045700073242,76.77946482120348,76.84406561636666,66.40408325195312,90.4059066772461,77.485535
ID63,1998-03-22,65.219406,74.94449,71.664276,67.69702,79.23088,82.037254,82.66646,80.02276,80.117004,93.18002,67.88532,76.44762492767009,80.40057228981179,73.17926989707854,81.47342933831668,73.00592729226845,81.7766597752043,78.21704145220532,79.34027710954994,67.697021484375,82.0372543334961,77.07997608184814,78.93039512634277,79.12630051199316,79.65277636954934,67.697021484375,93.18002319335938,75.43398
ID64,1998-01-04,149.05962,123.5473,145.77013,143.86697,143.6505,142.4065,155.04945,149.84634,146.61523,177.17345,161.16742,144.14761887753977,144.45708072460306,146.21509402910925,144.99976293503525,146.5540306079831,145.0786458901735,146.51954744190988,146.16823222551278,143.86697387695312,142.406494140625,147.56548881530762,146.60955238342285,147.0559647404396,147.0686500959845,143.86697387695312,142.406494140625,163.26933
ID64,1998-01-11,167.5926,152.65848,151.27089,145.20966,144.9084,148.53247,154.49335,154.26624,153.58847,176.52124,129.31352,150.24502966043283,150.89895008751975,149.3309812009354,149.53067803533895,149.6162842345862,148.89582337230325,153.41937137519744,152.42339311454074,145.20965576171875,148.532470703125,155.1483860015869,153.36948013305664,153.6848158365433,152.78726971983764,145.20965576171875,148.532470703125,163.34824
ID64,1998-01-18,140.02916,153.67857,167.46178,154.79753,162.46614,159.49951,163.07147,157.43253,163.99474,182.10748,261.53342,161.28371396548815,161.0221226962517,179.4117656025643,162.3340027534959,177.7524035497359,164.49767292579403,160.99645974667183,162.4472769166247,154.7975311279297,159.49951171875,160.3889560699463,162.67978477478027,161.60328308301348,162.98768211218385,154.7975311279297,159.49951171875,169.76591
ID64,1998-01-25,192.07483,176.32407,166.83565,160.54185,163.0616,170.80267,167.5708,171.36888,166.66861,181.1042,158.70595,167.79344045220628,168.11824931311403,168.4509507490896,166.77281858883856,168.29188348724063,166.7196879126285,170.80419149701544,168.9803201267669,160.54185485839844,170.80267333984375,172.28945922851562,169.58844184875488,170.8113533368411,169.0381865798411,160.54185485839844,170.80267333984375,179.7475
ID64,1998-02-01,198.62447,174.20183,174.17297,173.66322,169.35345,176.11653,176.52946,173.02719,173.76518,181.81369,161.16742,174.30013326460076,173.9208916622467,173.41483901868787,173.7523569930295,173.72465528946861,173.10631926880282,176.7268509448568,174.43498733600353,173.66322326660156,176.1165313720703,178.0594539642334,174.5142593383789,176.7141320614853,174.72484232724642,173.66322326660156,176.1165313720703,164.45515
ID64,1998-02-08,184.96768,154.92052,164.01588,162.30806,160.48288,166.15466,165.92538,176.83202,164.76619,183.6062,129.31352,163.68877990343918,165.34526964602992,158.0345081436432,164.27251953492268,159.13199265169322,163.20430911890847,166.67564923317207,166.08738112974376,162.3080596923828,166.1546630859375,167.7976589202881,166.63580131530762,167.14235446594938,166.38143468196873,162.3080596923828,166.1546630859375,183.86375
ID64,1998-02-15,171.93593,175.53638,171.97884,165.57785,169.42896,166.38507,173.59583,167.28444,168.62788,190.55348,261.53342,170.67433095309755,169.78663653105352,188.80057335477764,168.88493457636764,186.55710095301689,171.25991234670772,172.16295694106086,171.21297813765648,165.57785034179688,166.38507080078125,173.1240406036377,171.92161178588867,172.31525228118835,171.65206479952087,165.57785034179688,166.38507080078125,195.00262
ID64,1998-02-22,177.20589,177.74268,169.24623,159.43695,163.71931,162.40807,163.37877,165.38388,165.87135,195.59071,158.70595,166.9095382413194,166.81934680704194,168.96515064148787,164.97528001244908,168.78928211358067,165.27573608171818,169.83313781044498,168.7644961291624,159.43695068359375,162.40806579589844,171.0910758972168,169.924898147583,170.47428564586266,169.2460519205777,159.43695068359375,162.40806579589844,180.24724
ID64,1998-03-01,195.62793,177.65755,182.94579,181.66327,172.62997,180.375,179.75421,177.10316,176.32135,178.94452,161.16742,179.34224950768981,178.64390090074076,177.25874494495295,178.47267623732336,178.10717447634903,177.34004903865662,180.52222869850152,178.63189298529332,181.66326904296875,180.375,181.19977951049805,178.45507621765137,180.60835978048442,178.96412824342497,181.66326904296875,180.375,203.85324
ID64,1998-03-08,183.3194,167.26698,171.73087,173.63672,169.93462,172.01575,167.06279,167.56998,170.39221,184.78767,129.31352,171.64698365255023,171.2757310926017,164.42810586386653,171.66679396961842,165.5521091300601,170.62542845695637,173.44113922968725,172.16625510090256,173.63671875,172.0157470703125,173.7193489074707,172.16684913635254,174.18145280639806,172.76729645771061,173.63671875,172.0157470703125,195.39716
ID64,1998-03-15,178.21996,176.27928,169.80557,170.79733,176.13239,164.6351,166.49231,169.99696,163.83676,176.96083,261.53342,170.81082209982424,170.10413765611995,187.92523423112888,168.72985835478275,185.60237178880803,171.76146756750404,171.88019794329435,170.56165344550922,170.79733276367188,164.63510131835938,172.41534614562988,171.05552864074707,172.0577621148033,170.7288915910062,170.79733276367188,164.63510131835938,180.01051
ID64,1998-03-22,178.23257,175.61981,176.94092,169.92805,178.55061,175.43869,173.85905,167.51779,164.13464,183.60349,158.70595,175.48012036817343,173.12613904679205,170.89115648004955,173.6033513233059,171.62758612868186,174.27144262774368,176.35883806066698,174.04537827745463,169.9280548095703,175.43869018554688,176.52165031433105,173.9667510986328,176.5161146870554,174.62192560804053,169.9280548095703,175.43869018554688,142.28261
ID65,1998-01-04,177.26845,178.3463,182.77542,163.59668,166.65904,164.28697,162.77492,149.81479,155.8603,184.79439,208.06155,170.29201762949526,171.97294538071617,179.86804799091058,190.4648081557462,179.88867945483958,187.5532073689664,175.83653859809567,178.04274694550097,163.5966796875,177.26844787597656,172.56277084350586,175.06473541259763,175.8090526674346,178.14150825254382,163.5966796875,177.26844787597656,125.88931
ID65,1998-01-11,161.12427,168.87442,180.40387,165.5278,155.0253,158.1914,166.30269,152.57678,152.17062,189.24539,199.03998,165.429464794378,169.15142020591193,174.85359018944936,178.7541889841306,175.23780918214635,175.9803819647527,170.14572978911787,172.71604512663433,165.52780151367188,161.124267578125,168.08689308166504,171.1203918457031,170.54267244190075,173.22851640540358,165.52780151367188,161.124267578125,159.16623
ID65,1998-01-18,152.46901,171.98293,175.44295,161.18257,158.06195,157.60587,164.2998,154.59853,154.41614,190.45432,219.46344,164.93000110108295,168.26256622801316,177.38284014159444,184.8713537819202,176.7333116373722,179.47347090063374,167.51051353575173,173.9211548635343,161.1825714111328,152.46900939941406,166.4374237060547,172.5012340545654,167.99882826577095,174.36424895040818,161.1825714111328,152.46900939941406,170.46292
ID65,1998-01-25,158.90025,167.8631,174.69273,163.27663,163.16374,164.23543,167.30919,161.35672,158.9432,184.25832,163.21672,167.42922765138795,168.61453046807554,167.0749801742746,162.64491762205512,167.82259639992014,162.50026372099762,168.05688849798835,166.4157641083119,163.27662658691406,158.90025329589844,167.96242332458496,166.56345939636228,168.46686048058413,166.92294662644662,163.27662658691406,158.90025329589844,171.6202
ID65,1998-02-01,172.65869,175.55276,186.47307,174.14824,159.96004,162.25938,171.07318,172.0557,170.40407,188.50273,208.06155,170.47954942517265,178.527684646522,183.7559490697443,188.18641542684193,183.77148348393575,185.57010350005194,176.94141269451853,181.7852887546407,174.1482391357422,172.65869140625,173.82851219177246,180.98210144042966,177.09743250435042,182.0466934157105,174.1482391357422,172.65869140625,190.57076
ID65,1998-02-08,156.38512,161.0407,183.39809,169.02368,151.90689,160.85616,161.10283,160.69576,156.9928,193.44675,199.03998,164.30994701016752,170.80730766834364,175.27611476248026,175.3448809023486,176.10150902148902,172.87292473817058,169.24972476009935,172.92515265575608,169.023681640625,156.38511657714844,167.1450252532959,172.50285720825192,169.96844857141775,173.62360189350494,169.023681640625,156.38511657714844,163.28249
ID65,1998-02-15,145.47278,162.78584,173.93439,162.41626,164.22066,167.7549,169.337,158.82047,157.63513,195.10095,219.46344,168.4344356479297,167.5060978512022,175.81922990553252,180.34742924078233,175.4459006684451,175.0358649388243,165.4894673105013,172.2916976680628,162.416259765625,145.4727783203125,167.6278476715088,171.95365715026853,166.42204414061794,172.8889968230249,162.416259765625,145.4727783203125,161.4545
ID65,1998-02-22,154.79085,162.99602,174.3993,163.28363,163.29503,166.22876,160.7642,156.19807,158.2728,193.49802,163.21672,166.77553913888076,167.89515604144717,166.24738962642664,160.10273582071812,167.1645157237412,160.02128061480153,167.45004136803593,165.53969700455585,163.28363037109375,154.7908477783203,167.4069766998291,165.83192634582517,168.16299926525943,166.18125455408003,163.28363037109375,154.7908477783203,181.28616
ID65,1998-03-01,170.10452,170.91304,181.58127,174.1136,165.30324,170.32004,165.3863,171.2177,166.56664,186.25282,208.06155,171.14145044068846,175.25938738810098,180.82951319435227,186.2591387430096,180.8381700106654,183.60378085024576,174.9243911255422,179.30808953711207,174.1136016845703,170.10452270507812,172.9968547821045,178.60139274597165,175.23892581790727,179.6201236657566,174.1136016845703,170.10452270507812,203.44556
ID65,1998-03-08,169.62256,162.74342,181.9851,174.7424,164.03868,160.91318,163.29857,167.11821,161.78166,192.08772,199.03998,168.23270055158667,173.42518880425138,177.354022249518,180.52868480274776,177.8816646195069,179.05279793967503,173.6195833719604,176.6751936903744,174.74240112304688,169.62255859375,171.178955078125,176.1401329040527,173.9606377329633,177.20832199045628,174.74240112304688,169.62255859375,180.06313
ID65,1998-03-15,149.10228,149.30173,176.87747,169.83017,157.77516,159.14796,159.4475,157.41658,155.26141,191.33916,219.46344,162.75421246276028,165.6825461655394,174.57946052106465,178.768783742852,174.90130008964036,174.62682288106294,164.23312712120264,171.55964561217996,169.83016967773438,149.10227966308594,164.1026782989502,171.07402992248532,165.0909832630847,172.21373254494847,169.83016967773438,149.10227966308594,174.85535
ID65,1998-03-22,145.20854,151.03085,175.41846,169.90318,162.63002,162.20103,160.5188,159.14038,157.2283,191.47214,163.21672,164.6021581225489,165.9221163545279,164.28129547715045,154.04239350784738,165.70180300737093,154.09999922265908,163.8871535435646,162.99389681088982,169.90318298339844,145.2085418701172,164.79787826538086,164.07732200622556,164.81608495434708,163.8515756487515,169.90318298339844,145.2085418701172,194.43713
ID66,1998-01-04,185.07083,185.84502,198.42761,196.41937,168.53047,176.00314,184.8956,174.9513,179.08737,194.91805,222.10678,185.02307462664177,183.9100535005257,196.2539243257808,191.21090925413404,196.36613007684508,191.6516080913052,186.04062897827694,184.89263167600103,196.41937255859375,196.41937255859375,186.26376152038574,184.28492736816406,185.7162098742244,183.58898494527844,196.41937255859375,174.9512939453125,160.63914
ID66,1998-01-11,175.17155,180.00034,200.8249,197.13626,170.54675,179.99025,187.30176,177.53627,177.31543,201.43732,227.10416,186.69043290587348,184.96380908544472,196.27656530987937,191.83086652792008,196.75315145008014,192.42084297282668,185.65643775583624,184.0160013275074,197.13626098632812,197.13626098632812,186.5511417388916,183.5359058380127,185.27194828277584,182.7645487055755,197.13626098632812,177.53627014160156,181.66754
ID66,1998-01-18,188.07603,190.01305,210.83334,204.23068,176.48541,180.63536,196.94147,195.35416,184.87769,205.34543,253.45871,193.3724579362849,191.85729754031817,208.40929719128465,202.38935288426123,208.48204869745888,203.11417434972634,193.5262157257085,192.05843538041253,204.23068237304688,204.23068237304688,194.0700969696045,191.51162910461426,193.32192602924593,193.31846603710824,204.23068237304688,195.35415649414062,186.99368
ID66,1998-01-25,203.57703,206.89705,218.9222,215.355,190.8475,190.04398,199.99173,194.67867,190.80205,191.80113,156.66754,202.98599206378142,201.82008171157747,198.11170127654546,197.14416040683756,200.38790037883996,198.2710820184227,203.86946016001488,203.18732735478102,215.35499572753906,215.35499572753906,202.17945098876953,202.0545654296875,203.29927103186756,202.04690556791616,215.35499572753906,194.6786651611328,201.8543
ID66,1998-02-01,234.37189,218.2799,234.32484,234.47792,213.56769,208.9352,212.10838,218.05106,215.6226,200.75233,222.10678,220.11465183711545,220.22607572536367,224.4517328526626,222.87804189101075,225.59242333140503,223.89019529036415,222.17331316555044,222.62008658097855,234.47792053222656,234.47792053222656,219.60227012634277,221.4610538482666,221.4178039519076,222.2243865156404,234.47792053222656,218.05105590820312,213.22987
ID66,1998-02-08,219.36195,209.82883,228.33794,220.2147,200.02481,203.78865,200.41956,200.27357,209.01111,208.05704,227.10416,211.08371850997491,210.92531114539725,219.12343494832209,215.60272173742425,220.1082468283368,216.2837600758196,212.52063842845104,212.4001612213513,220.21470642089844,220.21470642089844,211.2541847229004,211.37344360351562,211.60209511676948,210.2536236253321,220.21470642089844,200.27357482910156,196.6728
ID66,1998-02-15,222.30579,213.79333,219.56908,211.78465,193.68834,200.78516,211.35109,214.92926,215.31512,213.19823,253.45871,207.85929696145342,208.62623898715873,222.96635891322848,216.91880820619303,222.32677772025534,216.73424495500052,210.76570808880794,211.09396736187082,211.78465270996094,211.78465270996094,210.80945777893066,211.07406997680664,210.95641375130342,213.06695055586064,211.78465270996094,214.92926025390625,201.52551
ID66,1998-02-22,211.16211,192.14114,208.20638,209.21713,190.27896,195.3606,197.631,210.32571,205.40433,209.15985,156.66754,199.63322853639204,200.03527246406807,195.63570943692463,193.90243101874015,197.33999680013093,194.2244306926581,201.34742145316005,201.3505758035922,209.21713256835938,209.21713256835938,201.64464569091797,201.1752052307129,201.1120689462831,203.429273679677,209.21713256835938,210.32571411132812,189.9395
ID66,1998-03-01,235.23975,226.00198,227.3947,225.89897,211.51057,209.62523,214.41508,218.6525,207.45126,194.94844,222.10678,217.83798358673545,217.3184093697504,221.6032776362706,220.46591133296272,222.13791894421098,221.2821870504343,220.68837289192948,220.69086161810864,225.8989715576172,225.8989715576172,218.12934112548828,219.69219398498535,220.41679083728766,220.6455211753943,225.8989715576172,218.65249633789062,187.90111
ID66,1998-03-08,218.2971,210.96872,225.90826,218.74301,198.4419,195.59557,206.15996,196.20032,188.58426,204.22057,227.10416,209.07042315472845,206.614318537579,215.0838622443674,212.14126173195854,216.20141641906756,213.63835358955356,211.03041121817162,209.1444225928467,218.74301147460938,218.74301147460938,209.79188537597656,207.83734703063965,210.57584710795672,207.09686470640088,218.74301147460938,196.2003173828125,127.20814
ID66,1998-03-15,204.07605,200.26189,217.17003,204.59557,197.14967,192.71793,195.20969,200.2943,186.41885,202.64792,253.45871,201.89943103587922,199.886688381178,212.89922493440343,209.8426709657741,213.20884473944392,211.02527901675637,202.396250194902,200.79214383371925,204.59556579589844,204.59556579589844,201.7285919189453,199.69995880126953,201.7471977854315,200.41712759392385,204.59556579589844,200.29429626464844,173.18517
ID66,1998-03-22,207.80708,184.37398,211.12735,209.1396,196.33618,191.2328,203.55078,202.07887,185.24329,203.06155,156.66754,200.2520204878154,198.2266065005366,191.23201658539057,191.69408934932838,193.8957299570314,193.3024182436967,200.764601858143,199.10096844196912,209.1396026611328,209.1396026611328,200.82866668701172,198.60138320922852,200.76817076367468,199.87397485290077,209.1396026611328,202.07887268066406,199.00052
ID67,1998-01-04,234.11508,246.60266,262.52377,237.16534,225.1156,230.71213,271.50848,239.33598,229.77458,280.28204,338.28247,249.14288677415112,251.92605304892612,264.6698773228736,264.024204905838,263.89495949354057,259.4817408812627,251.34541287565312,251.27052571677,237.16534423828125,246.6026611328125,248.5031394958496,249.08551216125488,251.5188959212075,260.5683450021182,237.16534423828125,280.28204345703125,255.3656
ID67,1998-01-11,268.07916,250.61946,256.6182,243.40053,219.98132,228.82436,275.29083,243.18256,227.64722,291.41052,327.93268,249.45373222504873,253.11252460760576,264.93714373906954,267.9035085379341,263.73539808301246,261.56320706665645,258.0441736159701,257.95542561328347,243.40052795410156,250.6194610595703,254.2780475616455,255.23628425598145,258.19735376679387,266.5237318938616,243.40052795410156,291.4105224609375,302.60388
ID67,1998-01-18,282.39813,250.22449,248.853,234.45616,227.87083,232.811,266.76395,251.14334,250.72734,300.65042,382.73276,248.14904531208583,252.8733271517324,276.8925286822876,275.67229133661255,273.3714113804158,267.811102882049,257.81415955853237,258.11470899351184,234.45616149902344,250.2244873046875,255.50349807739258,258.3605613708496,258.90458852239175,271.40792421397117,234.45616149902344,300.6504211425781,304.182
ID67,1998-01-25,285.18936,282.1562,260.46472,253.65536,245.01833,241.73058,262.27448,272.41852,255.6264,284.27335,224.68437,257.1298154471098,259.56947188889075,258.90240285123986,265.7037843316109,258.6673833564854,270.1032220966789,268.16165039821675,268.23859215505894,253.65536499023438,282.15618896484375,264.3452949523926,265.6713047027588,267.1931822594106,264.93495318503534,253.65536499023438,284.2733459472656,314.87375
ID67,1998-02-01,272.4616,299.64865,276.06802,260.34204,256.4705,245.80539,272.5896,275.3024,267.791,287.13385,338.28247,266.85291643535584,269.22379440398544,289.062694814055,291.5277964428328,286.51244174513926,296.9743530842807,275.715550325464,275.83454449570996,260.342041015625,299.6486511230469,271.31495666503906,272.73001861572266,274.12965527178244,280.70534635404454,260.342041015625,287.13385009765625,352.10416
ID67,1998-02-08,313.29816,282.3933,271.68384,253.6084,237.77684,242.07002,261.23572,247.01999,242.70877,300.57593,327.93268,259.4775209228281,262.082074907889,281.10363592673525,287.5353318888589,279.61851994593366,285.00966166208576,275.77201952121993,275.6235502374539,253.6083984375,282.393310546875,270.3302764892578,270.94676780700684,274.720420265926,281.55614379124324,253.6083984375,300.575927734375,331.25986
ID67,1998-02-15,356.37137,284.60538,264.34927,248.98615,247.89711,261.58658,276.22174,254.71053,246.08202,302.99347,382.73276,264.80261503855286,266.121554256488,292.313639932784,298.85652880115634,289.1029914510739,293.3011880024801,282.5971587463216,282.32246711272217,248.98614501953125,284.6053771972656,280.3763828277588,280.1494960784912,282.6810274950401,293.38514142253825,248.98614501953125,302.99346923828125,317.79327
ID67,1998-02-22,317.15488,289.3952,268.1458,266.26126,235.08725,238.9526,273.8985,269.94403,250.95937,304.84113,224.68437,262.4388276973045,266.93361244405776,265.7538441358864,276.2654066649673,265.78737099192716,277.5271527070666,280.6533219121353,280.6944487913016,266.2612609863281,289.39520263671875,274.21707916259766,276.20109367370605,279.2128808163659,277.2876827613031,266.2612609863281,304.84112548828125,314.09784
ID67,1998-03-01,312.6609,314.07288,279.66354,281.04147,257.61716,249.21783,263.62683,273.57755,252.33444,282.5977,338.28247,270.19543278641413,270.68319976878325,294.67303310783075,303.18641086654014,292.1800174855845,307.9170779085699,286.7630335169009,286.4495865823573,281.0414733886719,314.0728759765625,280.0622863769531,279.4019470214844,283.72877571418377,290.007977530093,281.0414733886719,282.5976867675781,372.22516
ID67,1998-03-08,318.3609,315.2171,281.42886,270.04572,240.69604,233.1237,258.79852,245.16681,236.518,292.13608,327.93268,263.3893102766215,264.94120547888537,290.40688489208094,302.0234305700982,288.39558107487505,306.77765855247924,285.3190039103397,284.9251735610193,270.04571533203125,315.21710205078125,276.225866317749,275.70361137390137,281.817143415177,288.30532316108395,270.04571533203125,292.1360778808594,354.11624
ID67,1998-03-15,318.1739,297.0372,277.46408,272.58408,242.0875,249.90144,249.97078,239.19247,233.61484,294.19562,382.73276,263.72812142634154,264.6446491660479,296.1203663678702,304.35521276214035,293.5189506398857,302.364852148389,282.63264078309845,282.1718643219775,272.5840759277344,297.0372009277344,275.1768226623535,274.1177406311035,280.0829112608125,291.20800371570584,272.5840759277344,294.19561767578125,334.17938
ID67,1998-03-22,325.8731,305.0205,275.27222,281.92188,245.78894,265.58725,260.55765,255.7806,245.21893,303.99142,224.68437,270.6822830209462,272.88835112107586,271.8119792174378,285.83703614958984,272.21392621233576,289.3342520666728,290.1221078628354,289.80965666611127,281.921875,305.0205078125,283.0016212463379,282.93037033081055,287.6525197930451,284.86604109177745,281.921875,303.9914245605469,302.53815
ID68,1998-01-04,110.00298,112.56943,116.73967,115.44593,108.00543,109.82403,110.07548,104.40341,112.72334,151.26149,169.01631,111.03719095775838,110.81729828287126,126.2234462011964,134.09669983412195,125.04816307101277,135.55708465170483,119.79416256890866,118.07995983693702,115.44593048095703,151.26148986816406,116.74055480957031,116.65271663665771,122.60022713953887,120.99859977010041,115.44593048095703,115.44593048095703,96.80431
ID68,1998-01-11,122.75943,108.6238,124.40509,119.94867,106.73743,110.29178,117.00745,112.584755,112.18642,155.64099,177.19621,116.26195411222808,116.62126382433803,130.2819968704855,139.45696037182958,129.67058602583947,140.3145644611053,124.40751959371308,122.62917959727545,119.94866943359375,155.6409912109375,120.67682933807373,121.64457511901855,127.59043698593125,125.84511143449149,119.94866943359375,119.94866943359375,117.14887
ID68,1998-01-18,128.29953,115.243416,130.78099,127.2151,111.42607,115.424446,115.49774,115.4344,114.48877,163.71046,211.34929,121.17047194557412,120.54165840873375,141.32870582533565,151.45724001322853,140.13484526195208,151.65967906278064,129.95856858871252,127.49363725096705,127.21510314941406,163.71046447753906,125.94972038269043,126.33380222320557,133.77838863366324,131.575357376513,127.21510314941406,127.21510314941406,116.50447
ID68,1998-01-25,140.3921,141.83627,138.58649,136.88043,118.32395,121.98368,122.69692,119.60461,121.328995,152.96161,121.672806,132.1514167812444,130.1322157337397,133.98804278312628,134.75284212669263,134.36439979728016,135.61125527608553,137.82564947232834,134.9434033208407,136.88043212890625,152.96160888671875,134.2076826095581,134.2859287261963,140.3813329214384,138.05120792399828,136.88043212890625,136.88043212890625,96.38226
ID68,1998-02-01,136.25833,135.6961,143.72388,144.52913,119.124596,122.697075,131.77148,129.05342,128.74777,156.78944,169.01631,132.4644945814547,133.81465323361124,144.89908007066208,147.78545828445894,144.63712746048623,146.93542564418306,140.52805769318374,139.11355152123278,144.5291290283203,156.78944396972656,136.32375526428223,138.321195602417,143.8478373230709,142.18137265269743,144.5291290283203,144.5291290283203,116.2546
ID68,1998-02-08,136.09917,120.92097,139.10735,136.55156,111.846214,115.9135,122.56476,118.70363,118.24913,160.28581,177.19621,126.71435396922196,126.36055383360971,140.1024952264955,146.38888439037663,140.0320172441891,146.14074572530873,134.99771409717633,132.50589671251535,136.5515594482422,160.2858123779297,130.41116523742676,131.56029605865479,139.01171417095148,136.64362382159175,136.5515594482422,136.5515594482422,106.67954
ID68,1998-02-15,129.46324,125.821625,139.98424,136.17487,117.28758,118.39025,120.55048,117.07916,117.495026,168.21568,211.34929,126.60022479382681,124.62238436150729,147.3926095134163,156.10852899227154,146.43058524970422,155.7250605882284,136.47533273438833,133.19093438051942,136.17486572265625,168.21568298339844,131.9859962463379,131.8480405807495,140.8506567794029,138.0525200879253,136.17486572265625,136.17486572265625,111.63861
ID68,1998-02-22,144.1577,138.08667,138.18307,139.51508,113.45474,119.03719,114.34056,112.00078,119.24396,168.3476,121.672806,130.7523074783145,128.114135401481,134.1897771956896,137.06284665662423,134.61703437738564,139.34314038447113,139.4628723292058,135.55619754433764,139.51507568359375,168.34759521484375,134.39032649993896,134.2344264984131,143.52898693632721,140.28927072514398,139.51507568359375,139.51507568359375,98.461334
ID68,1998-03-01,155.92662,155.23311,146.58556,147.3967,125.42352,123.23684,129.3681,127.68815,123.98674,151.5803,169.01631,142.62915998679074,139.12866523810646,149.6326109097783,150.61314055190115,148.957655712448,148.78261056979807,145.75006762769814,142.3874499933201,147.39669799804688,151.58030700683594,141.84384441375732,142.22066020965576,148.0157587303261,145.35708218387038,147.39669799804688,147.39669799804688,125.63125
ID68,1998-03-08,149.69414,149.49884,146.64122,141.80194,122.49962,120.65267,125.38797,124.880424,121.07438,155.62965,177.19621,138.60840004291475,135.35720821027684,148.82489551926824,151.2017987647023,148.22746404084108,149.64784548254337,143.1019218958633,139.69247054721995,141.80194091796875,155.62965393066406,138.97575664520264,139.32607078552246,145.97710164586698,143.2207551452158,141.80194091796875,141.80194091796875,114.03209
ID68,1998-03-15,149.74785,140.439,138.59656,135.88821,118.15115,118.09272,117.19989,119.75002,111.604614,158.63142,211.34929,134.10748802146048,129.45530717558955,149.42457468572323,156.38458342389725,147.95116019602347,155.01631199494014,138.6834971299584,134.3933636878693,135.88821411132812,158.6314239501953,134.59335041046143,133.982195854187,141.6405882935813,138.4663268154976,135.88821411132812,135.88821411132812,115.33404
ID68,1998-03-22,152.4248,156.16031,149.0515,148.2356,120.43147,118.91182,120.01944,121.86368,115.385155,165.46973,121.672806,139.70991041373776,134.7206539592667,140.95149944058488,141.53545231355747,141.59442664430122,142.06025928641873,146.79934239843638,141.7788384703493,148.235595703125,165.4697265625,141.3380832672119,141.0762758255005,150.8426734777819,146.9446630505432,148.235595703125,148.235595703125,114.55813
ID69,1998-01-04,101.50015,108.20425,119.40468,113.741615,106.10392,107.01883,112.18906,104.35627,114.6488,128.64244,141.71489,111.11203858389862,111.3727436445131,119.49645963920595,120.23476020160871,119.34991263945666,119.18809109852923,113.12929338601606,113.22772752220821,113.74161529541016,113.74161529541016,112.10061740875244,112.40808582305908,113.08440667595991,116.01063542391601,113.74161529541016,113.74161529541016,103.62967
ID69,1998-01-11,100.3352,111.87547,122.32335,117.14522,108.07546,107.26607,112.35928,111.83161,115.31777,134.5003,151.74908,112.93678024257157,113.35776075231551,123.4933052718277,125.36453691132536,123.15390412750526,123.67649815991173,115.80871905337213,115.77691541438291,117.14521789550781,117.14521789550781,114.23504447937012,114.60485553741455,115.75919259928006,119.30128267862506,117.14521789550781,117.14521789550781,105.57601
ID69,1998-01-18,113.91431,115.89685,126.670006,120.380135,116.33782,116.07194,117.99214,114.41197,121.141884,137.92105,168.33246,120.21200033627646,120.75224749558862,130.6017804947109,130.812822479005,130.03101584008823,128.26169057970355,121.84380395865233,121.79833345514324,120.38013458251953,120.38013458251953,120.64803123474121,121.04174900054932,121.82069720077857,126.06614543655607,120.38013458251953,120.38013458251953,117.14887
ID69,1998-01-25,119.97391,122.31105,128.60634,123.419334,122.47791,118.00939,122.43795,120.176384,125.02123,130.31686,106.575485,122.84386149866604,123.20581144567913,121.80149698476616,123.37507211333495,122.50765496078967,124.62162496839008,124.18537975759996,124.23952644661301,123.4193344116211,123.4193344116211,123.44409370422363,123.76700401306152,124.19956700761765,123.15356925316993,123.4193344116211,123.4193344116211,114.1373
ID69,1998-02-01,126.25354,133.70575,133.3116,129.6982,123.52949,127.75302,130.79892,127.99956,126.95124,132.8272,141.71489,129.3474574554332,128.7597795736688,133.07760040822726,132.5267413973156,132.9529646007607,131.75132941485134,130.2287286122133,130.01641237979203,129.6981964111328,129.6981964111328,129.73471355438232,129.25375366210938,130.3329895316865,131.19068384522734,129.6981964111328,129.6981964111328,118.884796
ID69,1998-02-08,118.71034,130.38443,131.23412,123.46398,116.984886,126.27092,121.41473,119.46766,122.997345,136.44453,151.74908,125.28911546771104,125.71880280631822,132.19629350712242,131.5225487574669,131.8833238982715,129.87677399134978,126.9031418382443,126.65012365568063,123.46398162841797,123.46398162841797,125.61349201202393,125.81131935119629,126.95871871163858,128.79023291949053,123.46398162841797,123.46398162841797,119.56865
ID69,1998-02-15,133.65155,131.02988,130.35938,124.48088,121.41631,126.8191,125.52832,121.59039,122.75741,140.01917,168.33246,130.33282807988425,130.24510909606403,136.25990432497105,135.058924634057,135.47051992223385,132.3659129983572,130.28080521546732,129.7934382788941,124.48088073730469,124.48088073730469,129.16307258605957,128.8167085647583,130.53526101674245,133.35566919198072,124.48088073730469,124.48088073730469,120.2788
ID69,1998-02-22,134.17755,130.8609,130.92062,126.28735,121.365555,123.03647,119.00817,126.80588,121.20048,139.66592,106.575485,128.63203842720065,129.47140182691228,124.96720094851557,127.98165045572472,125.62494499000175,129.25729547787927,130.3971900429531,129.80142545335303,126.287353515625,126.287353515625,128.1653184890747,128.43935680389404,130.71615496474206,128.39388301063596,126.287353515625,126.287353515625,112.046295
ID69,1998-03-01,139.35402,137.25046,135.17293,132.21548,128.8207,128.20793,133.78192,134.60799,127.52256,129.3754,141.71489,133.06530969352858,132.20360405950032,135.13515085629152,133.7818995043301,135.0207854172009,132.76997651378966,133.50954121199175,133.12170356287552,132.21548461914062,132.21548461914062,133.02235412597656,132.23993396759033,133.78364976695147,134.30698579223613,132.21548461914062,132.21548461914062,136.30983
ID69,1998-03-08,131.13765,138.3634,134.84837,127.80522,123.32737,124.40168,128.28827,129.8273,124.27012,133.33266,151.74908,130.1576847207771,129.73811782436158,135.8131944816879,134.35026847284254,135.42022989362746,132.3331777550368,131.39224309318178,130.93087066965774,127.80522155761719,127.80522155761719,130.18807792663574,129.685809135437,131.66841194951542,133.23666001673735,127.80522155761719,127.80522155761719,120.81799
ID69,1998-03-15,136.10768,136.60864,131.5377,127.72255,125.45256,127.90089,119.34431,125.44456,120.82021,135.09044,168.33246,130.35184259153206,131.1766419774337,137.54666495290215,135.8104825014999,136.6967474315169,133.09508434752243,132.02234431865458,131.29666837523496,127.72254943847656,127.72254943847656,129.97059631347656,130.15508460998535,132.29636804495635,134.71758666819912,127.72254943847656,127.72254943847656,116.74119
ID69,1998-03-22,138.49323,139.65103,134.56131,131.98326,125.78617,133.0578,127.205025,130.33984,123.66215,138.35425,106.575485,134.0956843405446,134.02640577391784,128.73085121339113,130.8483708699446,129.39076619994026,132.53920505829186,135.16021111526317,134.41536460838185,131.98326110839844,131.98326110839844,133.6365089416504,133.1936492919922,135.44340567598422,132.213755183054,131.98326110839844,131.98326110839844,137.44083
ID7,1998-01-04,129.49892,135.5112,132.273,128.36858,136.2229,144.40329,143.06392,147.34702,138.56415,148.23662,145.46486,138.25486233478253,138.5616945031076,136.49331434121535,138.15990109802124,136.02783603495493,136.5943612128173,135.3531553502403,136.2261873841678,128.3685760498047,128.3685760498047,137.19730186462402,137.9839859008789,137.8477656391034,139.16722174215855,128.3685760498047,144.40328979492188,122.250565
ID7,1998-01-11,139.8235,141.31354,138.3625,130.21967,143.64612,147.80405,152.73465,156.05063,139.42474,152.98517,175.48186,144.26966921158348,149.49889457930664,145.77345269256725,147.48161141626997,144.87628302878915,145.1633325810101,141.01984924005185,143.23131884284317,130.21966552734375,130.21966552734375,143.36114883422852,146.1233901977539,143.7035332854133,146.7297294322699,130.21966552734375,147.80404663085938,74.29138
ID7,1998-01-18,132.06169,147.57823,139.0648,131.07394,144.74774,153.98206,161.53047,160.50626,136.86862,151.55449,169.40193,145.2346554443337,151.44056685436442,145.17495599389653,147.9766863047383,144.36285711298854,145.73080313880587,143.7487951032395,145.56008448204867,131.07394409179688,131.07394409179688,145.1991786956787,148.03097534179688,147.83048426773183,149.0677571367926,131.07394409179688,153.9820556640625,128.62811
ID7,1998-01-25,135.59789,156.37619,144.39975,137.98898,148.32454,156.53464,149.65356,152.57277,141.76501,149.39125,131.76021,148.1493745825802,146.66643203509784,142.8614231083664,143.57405663738635,142.89599326427864,142.61747318988952,146.15807505172853,145.21193432072042,137.98898315429688,137.98898315429688,147.28334999084473,145.85036087036133,148.51062422786146,146.0884320400749,137.98898315429688,156.53463745117188,96.01757
ID7,1998-02-01,134.89713,146.39,149.5445,145.75229,157.13562,159.75876,153.16788,158.61447,145.9881,151.77321,145.46486,148.88089292147507,150.10557435156318,146.49145081805602,150.86463254013995,146.92176742682665,149.93764718270177,150.16896650926543,150.2038346376647,145.75228881835938,145.75228881835938,149.80242156982422,150.40024948120117,153.33810960318704,152.19287369075212,145.75228881835938,159.75875854492188,89.4983
ID7,1998-02-08,147.43866,140.55655,145.3044,138.7994,156.59035,146.55927,154.77286,157.28757,149.62126,150.9555,175.48186,147.23528838679985,152.40041658114706,150.29864189294113,152.94697263431266,149.7168848364897,150.87374363337585,146.52048648964433,148.701106271221,138.7993927001953,138.7993927001953,147.6221218109131,150.96074104309082,148.699359197904,151.92834958220405,138.7993927001953,146.55926513671875,117.984695
ID7,1998-02-15,155.9721,138.65567,132.76738,131.96227,152.11513,151.97302,166.15337,159.94867,150.45998,152.82913,169.40193,148.07164966096127,149.74912216439054,145.62822456763553,149.2142486150217,144.33795063636987,146.26419930471124,144.43930830351528,145.92867984323038,131.96226501464844,131.96226501464844,147.80350875854492,149.18609237670898,149.1285364032528,151.8955183160959,131.96226501464844,151.9730224609375,151.28969
ID7,1998-02-22,154.7937,140.8462,137.82344,137.45547,152.60934,154.02968,154.04434,154.57747,153.67859,152.15472,131.76021,148.68093316333443,142.49689527988158,141.40479546557458,144.0657571880947,141.22847959674493,142.38928277631422,145.20421993521796,144.1121516023662,137.45547485351562,137.45547485351562,147.96961402893066,145.28091049194336,148.48072183997763,148.00204325053713,137.45547485351562,154.02967834472656,102.6644
ID7,1998-03-01,160.93532,151.22449,150.93076,145.8946,159.53621,164.2438,156.35526,165.66791,159.51196,149.02,145.46486,154.35496511456574,152.65876089821288,151.18343672017917,154.0162061614091,151.3095849543575,152.36474356396297,153.3366777119529,152.89463311898075,145.8946075439453,145.8946075439453,154.7675552368164,154.14524269104004,156.22411562474724,156.1273867056933,145.8946075439453,164.24380493164062,113.91117
ID7,1998-03-08,154.1526,150.62914,145.99089,139.05688,155.65424,163.85991,155.97054,158.81993,158.47751,151.08327,175.48186,152.36584738976597,157.61761216530292,154.13439491971616,156.1730483594667,153.23735145022238,153.42497123350154,149.75955372774624,151.95995485955183,139.056884765625,139.056884765625,152.0496826171875,155.6401195526123,153.4516057150038,156.4682851639348,139.056884765625,163.8599090576172,132.69557
ID7,1998-03-15,146.17793,144.25958,138.0831,133.63881,155.84845,154.74088,160.13219,155.93077,157.15977,149.37471,169.40193,147.70063186146564,152.39039934351405,148.50158026852557,151.43546878381113,147.303547741655,148.38216867945368,145.6073896510206,147.94016563382397,133.63880920410156,133.63880920410156,147.78195571899414,151.65808868408203,150.11967658034396,153.2797941092936,133.63880920410156,154.74087524414062,121.68367
ID7,1998-03-22,152.14554,155.40393,144.7222,142.7534,154.13332,152.7524,160.26544,156.3731,164.40408,152.50879,131.76021,152.39242888680573,147.74843925270457,147.98549323940924,147.71810811403003,147.50399985231218,146.38426084911418,150.2503457380308,149.58035945894423,142.75340270996094,142.75340270996094,151.83562660217285,150.77437210083008,152.19494125973335,151.9321011945362,142.75340270996094,152.7523956298828,124.29138
ID70,1998-01-04,99.35354,97.25857,93.277985,94.818596,81.01848,82.34742,84.99664,83.58791,78.23474,82.01841,96.68595,86.55632791888107,85.37707335133072,92.21383035579845,82.0932617550286,92.2155055004133,83.15152019125357,89.21443562990785,86.89903338602753,94.81859588623047,83.5879135131836,89.38620471954346,87.5094108581543,88.4652370834738,86.69326462392777,94.81859588623047,81.01847839355469,57.890583
ID70,1998-01-11,103.896996,98.59338,101.481125,102.61036,81.70547,83.657425,87.21428,86.31016,84.14803,87.60635,101.3414,89.25004642530156,88.07639152828757,97.74562103879737,84.72411523784979,98.07258420813119,85.89119356912917,92.68938782748481,90.05105866870754,102.61035919189453,86.3101577758789,93.34567356109619,90.87585830688477,91.61188879996196,89.59405803090972,102.61035919189453,81.7054672241211,73.7375
ID70,1998-01-18,96.98285,99.3465,96.7475,97.061226,83.620026,88.205,86.9135,86.97769,87.63576,87.801414,99.53972,89.70518135542373,89.29845367561774,95.89527408696773,86.10169431304328,95.85737776605781,86.95498073649631,91.725343438872,90.23052814022435,97.06122589111328,86.97769165039062,92.08475112915039,90.80360221862793,90.96663021348573,89.7438589117154,97.06122589111328,83.62002563476562,81.49658
ID70,1998-01-25,97.00244,96.187805,94.38956,96.040184,85.33588,86.38108,85.66013,89.46454,91.37872,81.28998,64.95266,87.77123963942346,89.5794560523108,88.48947101225434,87.84149073007347,89.10570028298513,88.31182651256404,90.36238752520649,90.30457779350725,96.0401840209961,89.46453857421875,90.28588199615479,90.72501945495605,89.89882243042508,89.84360743666726,96.0401840209961,85.33587646484375,83.67964
ID70,1998-02-01,94.47861,97.79407,100.37751,102.21766,84.858826,90.4617,88.71893,93.0716,92.58652,83.86548,96.68595,89.56690213191497,91.167559177783,97.03215582251711,89.67519856567175,97.32360011084594,90.4555154686397,92.73846084602216,92.3677621004418,102.21765899658203,93.07160186767578,92.84659767150879,92.79347038269043,92.03374430473099,91.92610285073864,102.21765899658203,84.85882568359375,102.380325
ID70,1998-02-08,93.90257,94.75724,101.677376,103.09484,87.98928,88.53808,87.762344,89.318436,90.5122,88.87512,101.3414,90.08618011993367,90.06749804387157,97.65436699697676,88.83907426457083,98.05899192535438,89.53778404242581,92.92552052705206,91.37123052185986,103.09484100341797,89.31843566894531,93.32460689544678,91.80719089508057,92.34643844474436,91.13508293206802,103.09484100341797,87.9892807006836,101.05208
ID70,1998-02-15,98.82291,94.93847,100.34775,101.0653,87.16545,93.68713,90.34199,95.36258,86.19018,89.67589,99.53972,92.20285553031837,91.54674819935993,96.41983420176399,90.17272644900339,96.9224493142637,91.09814073506261,94.11236535578946,92.93896126230999,101.06529998779297,95.36257934570312,94.50561046600342,93.35705661773682,93.46498277097777,92.97649955848448,101.06529998779297,87.16545104980469,90.28143
ID70,1998-02-22,100.90947,92.23749,95.37816,95.705986,86.71563,88.87126,88.51046,85.84603,88.057526,86.30001,64.95266,89.95594946000396,89.82532512662988,87.91654815358521,87.06693989046704,88.8553421118139,87.53981511699446,91.63506534096607,90.23398102857827,95.70598602294922,85.84603118896484,91.82855796813965,90.81575298309326,91.19132315169561,89.88669656696712,95.70598602294922,86.71562957763672,92.06996
ID70,1998-03-01,96.70218,89.78989,99.75898,100.241684,88.54364,89.46188,88.84603,97.40318,92.27485,81.71515,96.68595,88.8765891601143,91.20309434290357,95.12878091732011,92.07311868881395,95.69839591186641,92.48517786375653,91.96482087520799,92.60296114913746,100.24168395996094,97.40318298339844,91.8824291229248,92.84757900238037,91.67607983621569,92.58856766949127,100.24168395996094,88.54364013671875,107.65387
ID70,1998-03-08,97.20902,93.27669,100.60005,99.41791,84.825676,89.74428,87.85216,87.407646,84.56371,86.84184,101.3414,89.57560055825961,88.7402923999395,95.81633740488732,86.19342080162701,96.36615925272976,87.13896539583533,92.07805629404874,90.0658656600545,99.41790771484375,87.40764617919922,92.4709529876709,90.68490409851074,91.4243378621225,89.88393866846874,99.41790771484375,84.82567596435547,96.85692
ID70,1998-03-15,106.12311,93.87218,102.78655,100.93543,87.464584,92.4194,87.026184,88.453514,84.96604,87.64425,99.53972,91.83336506812977,90.8255971269453,96.91648327050146,87.20479498585158,97.67736845176826,88.21299259799129,94.30393417402557,92.0316554423524,100.93543243408203,88.4535140991211,94.78396129608154,92.88894557952881,93.65273677488342,91.85891500395897,100.93543243408203,87.46458435058594,91.85955
ID70,1998-03-22,99.24353,95.67295,94.75132,92.1909,89.3412,94.8987,88.25347,93.86995,84.91904,85.96709,64.95266,91.76382863743139,91.62134559770197,87.36925800146975,89.68171521803202,88.28546433779988,90.36653219273433,92.6386194510306,92.27914349303484,92.19090270996094,93.86994934082031,92.53989505767822,92.61876964569092,92.43740388283153,92.4080931992472,92.19090270996094,89.34120178222656,83.46922
ID71,1998-01-04,98.053665,82.692795,85.81919,86.727516,83.84388,89.15973,86.07588,86.2417,84.27907,120.04212,90.110466,92.07180120717281,89.27678200279026,88.34967700130444,89.61841196236102,88.31009599492502,88.6064803450701,90.71410279393787,89.30847992167199,86.7275161743164,86.24169921875,91.55184745788574,90.27363586425781,91.32885732250429,90.08783405051034,86.7275161743164,85.8191909790039,75.5918
ID71,1998-01-11,83.97471,123.34003,99.19309,96.05769,84.83247,96.63324,90.05627,93.0393,93.33668,125.52636,118.76644,97.27473974951411,96.74821885482643,106.4691336745724,96.10545304123079,105.06213548683678,96.05848233150184,99.06319186861629,96.56994945027589,96.05769348144531,93.03929901123047,99.95173263549805,97.33438777923584,100.72005374587346,101.06329227320973,96.05769348144531,99.1930923461914,96.528145
ID71,1998-01-18,88.77715,113.3919,92.66548,98.5458,95.160416,103.31621,96.25086,98.32479,96.181816,137.46106,209.41609,100.1359252529808,100.59743302489838,121.36781263448125,101.72004451876911,117.7219652022346,101.35422027644887,102.3077281828835,101.01214682540726,98.5457992553711,98.32479095458984,103.19610977172852,102.2383041381836,103.55206199760187,103.52259191645965,98.5457992553711,92.66548156738281,108.60074
ID71,1998-01-25,105.08548,120.90142,98.19882,102.393776,97.00392,102.27647,94.50058,99.68445,98.736855,127.01645,101.35455,105.1060835263585,101.88174368847022,105.43332124255093,101.87758889317968,104.37160259706882,101.85407012156124,104.42014447289975,101.66716137959779,102.3937759399414,99.6844482421875,105.92211437225342,102.47641468048096,105.3142247076479,104.5026180852256,102.3937759399414,98.19882202148438,100.18411
ID71,1998-02-01,133.63776,127.568985,99.56703,107.7814,95.67964,98.03367,96.6008,99.19861,100.39393,125.046715,90.110466,112.72473925221217,102.67824846110351,107.32890968833333,101.58395602361846,106.27552134502436,101.42343885933255,107.73525570946322,102.15422180734798,107.78140258789062,99.1986083984375,110.48950004577637,102.78772449493408,108.24823232375269,105.74828685309043,107.78140258789062,99.56703186035156,111.20463
ID71,1998-02-08,124.10043,135.73257,100.07881,107.15537,92.94126,98.82802,95.88453,98.33842,103.2725,127.83922,118.76644,111.05775462926393,102.8585347779914,114.23356022168616,101.40801514006625,112.17543895803325,101.28157047991238,107.64156547048364,102.2851627955554,107.1553726196289,98.33841705322266,110.3200273513794,103.04226589202881,108.56925020805066,106.97961713638186,107.1553726196289,100.07881164550781,102.30142
ID71,1998-02-15,115.8096,113.908615,98.828415,107.079704,98.57236,106.657394,98.58673,101.35556,106.78999,140.49048,209.41609,109.74884099792486,106.27577922443518,127.34091581743974,105.93340418636066,123.93436950148072,104.94030247859912,108.36974508459869,106.03922401602634,107.07970428466797,101.35556030273438,109.99166202545166,107.2950792312622,109.28503809032212,108.42288674668059,107.07970428466797,98.82841491699219,146.31773
ID71,1998-02-22,118.156006,135.7242,99.19843,105.746155,94.04774,106.30091,100.174545,102.85651,96.66022,143.77899,101.35455,111.66069385569426,104.30053325252997,110.0865294511316,105.45364717472732,108.53922651740005,105.7716852671009,110.33208590520306,105.04170598764605,105.74615478515625,102.85650634765625,112.89087200164795,106.09543704986572,111.61975608459566,109.82900610208819,105.74615478515625,99.19843292236328,111.09942
ID71,1998-03-01,115.37506,142.48096,103.020546,110.5146,100.09902,100.372055,100.90456,99.80426,97.89892,119.48989,90.110466,111.31453188635166,103.77406184629258,109.56012223234526,103.28476772664773,108.28493444753572,103.58056052687822,109.4498915496839,103.57367064065473,110.51460266113281,99.80426025390625,111.53208637237549,104.01298141479492,110.19423317606714,107.94826218494688,110.51460266113281,103.02054595947266,128.84009
ID71,1998-03-08,98.64863,130.6809,97.699104,106.586845,97.71302,98.503525,99.0767,98.28038,98.504135,124.07689,118.76644,104.9363280549955,102.08299051650008,110.28169167675412,101.62756665109023,108.34510192779612,101.52404054214779,105.31032803728249,101.86159899404178,106.58684539794922,98.28038024902344,106.62320041656494,102.55507469177246,106.29580855577467,105.45827772006305,106.58684539794922,97.69910430908203,110.0868
ID71,1998-03-15,90.34078,133.4687,91.10035,102.21369,93.46563,100.008766,94.38909,93.81787,107.08598,128.91107,209.41609,100.89005110099285,100.55140996681217,126.49421849780055,99.51584779911771,121.66748558151531,98.93500636969375,102.632999065166,100.11233102130392,102.21369171142578,93.81787109375,104.23726081848145,101.37405681610107,103.93675701019725,104.4895176921528,102.21369171142578,91.10034942626953,103.730225
ID71,1998-03-22,109.30511,128.9606,99.50805,107.40225,95.03149,102.4319,100.42289,100.09128,100.22144,138.4411,101.35455,108.93286932693204,104.34680912984429,108.90468183879717,104.18228306175547,107.53199401223134,103.78407434830862,108.40936101761015,104.42560846330633,107.40225219726562,100.09127807617188,110.18792343139648,105.44379997253418,109.64389670487452,108.495132950326,107.40225219726562,99.50804901123047,91.39926
ID72,1998-01-04,151.17924,145.5823,129.78035,116.820724,147.90442,133.68068,130.76779,139.99756,131.86981,172.12404,174.13203,134.30122160744662,135.58034913408318,143.02339477173578,156.1451782965354,141.26856758202288,158.47976329561033,141.9245009182274,146.23443810492947,116.82072448730469,116.82072448730469,140.97994422912598,144.03203773498532,142.26152131666566,146.50281803657907,116.82072448730469,174.1320343017578,119.95003
ID72,1998-01-11,135.71625,147.88591,127.805565,119.63153,137.50334,139.94122,136.66864,139.26894,112.61328,174.25253,154.53708,134.28414817168715,132.25533811682115,135.9028377792785,147.03976154227485,134.83483147880935,147.70019513679097,140.3198895522802,141.09727560714543,119.63153076171875,119.63153076171875,139.9256238937378,138.6388483047485,140.4742214200745,140.80375762018588,119.63153076171875,154.53707885742188,114.8869
ID72,1998-01-18,146.34583,142.53142,129.54675,114.53619,130.57541,132.99603,138.22266,131.50006,122.777,176.91997,236.11258,130.79935605025975,142.23799346732582,152.09712272282542,184.19939416188146,149.20458780476648,189.71826305641588,140.8529291531223,154.89103496153206,114.53618621826172,114.53618621826172,138.9592809677124,150.8740482330322,141.2401738012059,155.53806328293194,114.53618621826172,236.11257934570312,102.77486
ID72,1998-01-25,156.16817,147.30975,130.08214,117.56744,128.39438,121.6178,128.32765,125.977036,129.2548,170.53629,152.64334,128.51432797173894,132.70714596899967,139.33009835637142,146.6403573524156,137.9309577894259,147.84950337222472,141.86572356811413,143.5285640691319,117.56743621826172,117.56743621826172,137.50045108795166,141.48619747161862,142.46133816612831,143.55402669149225,117.56743621826172,152.64334106445312,107.83798
ID72,1998-02-01,152.86826,167.98122,140.75874,125.44899,103.10435,116.0499,139.60242,129.55566,138.3698,174.99289,174.13203,130.18578462221842,145.55517296667824,152.1611825035091,159.82623102776967,149.9760585036786,161.965098983997,148.56178558931242,153.78967124117506,125.44898986816406,125.44898986816406,140.10084438323975,151.76929283142087,149.36239955002944,153.88864851312266,125.44898986816406,174.1320343017578,123.61915
ID72,1998-02-08,159.05872,145.21863,128.94025,116.68516,95.53606,105.15127,123.15277,114.78056,117.95335,180.13939,154.53708,117.85188799951358,129.90416731313883,137.7830064019784,149.0269737444263,136.33509559021473,149.9050229599078,141.52634896473248,144.1781969374956,116.6851577758789,116.6851577758789,131.73527908325195,140.7106666564941,142.4677152767869,143.97791831435515,116.6851577758789,154.53707885742188,110.99422
ID72,1998-02-15,162.74527,144.07971,122.48498,111.3691,120.20959,124.73883,144.55893,119.22842,126.03934,182.18208,236.11258,126.68783970072192,141.7871651599817,151.96713515619444,184.47098896890645,148.2685282542668,190.63239896033573,142.83850278398018,157.1660581422021,111.36910247802734,111.36910247802734,139.0460615158081,153.69649887084958,143.61999847941357,157.9625212143081,111.36910247802734,236.11257934570312,123.395584
ID72,1998-02-22,156.67322,135.57759,121.57529,106.9023,113.74204,115.4555,129.0086,122.78078,124.90094,185.1966,152.64334,119.65774857892988,126.4743195067744,133.88977237589597,146.1696700711427,132.2754992536629,147.13820940738236,138.55594904806958,141.0643189097224,106.90229797363281,106.90229797363281,133.0163917541504,139.0597343444824,139.3364374567544,141.17144246487305,106.90229797363281,152.64334106445312,142.16202
ID72,1998-03-01,149.22522,143.2984,136.67847,123.30422,108.90197,100.096565,127.85835,116.70373,112.57461,172.43843,174.13203,122.98194093157895,135.11709558346288,141.94445132790287,158.21289471006634,140.7953431570636,159.62577603247513,141.57181460796886,146.5723112730835,123.3042221069336,123.3042221069336,132.72520351409912,142.4387168884277,142.4232042587173,146.34468742082285,123.3042221069336,174.1320343017578,125.867966
ID72,1998-03-08,148.27043,133.95105,127.48717,116.56303,107.88201,111.68745,120.221405,118.14899,108.2794,178.48482,154.53708,119.1628806330481,126.08085785077644,133.11944368190217,147.90444077825026,132.30490500413148,148.25329090426362,137.68403622307457,139.96259243008166,116.56302642822266,116.56302642822266,130.56841945648193,135.9742975234985,138.33634906129828,139.64067664825967,116.56302642822266,154.53707885742188,116.49132
ID72,1998-03-15,135.00838,132.02669,127.7423,113.40388,113.00225,110.54586,112.02342,119.919044,110.789024,175.20097,236.11258,118.1179114536892,134.0048465070209,146.9679680129895,182.80865464566205,144.33047276463972,187.78535873397647,133.62032106966873,149.03663506126594,113.40387725830078,113.40387725830078,127.36921882629395,142.78840541839597,134.08962416357133,149.49352458718005,113.40387725830078,236.11257934570312,114.00578
ID72,1998-03-22,112.681755,132.59032,122.53417,108.71025,122.12169,96.231415,124.18306,118.95997,100.86762,177.59653,152.64334,118.05651910234758,122.68570983258407,127.15747075612248,142.8347311155555,126.03349731286491,142.67035222751065,129.46123642435603,132.14060809594687,108.71025085449219,108.71025085449219,124.58114814758301,128.97588062286374,130.0039093403643,131.7837035039142,108.71025085449219,152.64334106445312,84.429245
ID73,1998-01-04,88.482414,86.06039,91.63224,82.70842,81.50607,87.07183,84.11464,93.087585,85.203026,96.715965,87.993164,86.72769512175353,86.85067738686098,87.93341230880655,88.68168108506293,88.33364210535939,88.51951463034008,88.22606566127628,88.08376986454519,82.70841979980469,88.48241424560547,87.28649616241455,87.53771114349364,88.3335085433397,88.3221598057037,82.70841979980469,88.48241424560547,89.295105
ID73,1998-01-11,95.66762,86.1802,93.870995,86.258156,82.35177,87.71249,87.62419,97.82668,86.12854,99.78203,98.92162,89.66151143370745,90.3410539583825,91.65217772272104,95.41557232910927,91.93850749844403,95.60143978919398,91.44099989453345,91.96123832930843,86.2581558227539,95.66761779785156,89.93093013763428,91.14511585235594,91.52252304366993,92.3604258836136,86.2581558227539,95.66761779785156,80.24724
ID73,1998-01-18,98.72614,92.767624,97.036156,89.839874,87.16602,97.29624,95.07078,97.862625,95.49471,103.596176,124.05313,94.96304718562459,97.7122968807335,100.55240003225416,106.27749814671859,100.14071368545243,101.83658976112949,95.7336723209893,99.17684716967027,89.83987426757812,98.72614288330078,95.18737697601318,98.58498001098631,95.86237317933356,99.69435629815979,89.83987426757812,98.72614288330078,85.65229
ID73,1998-01-25,93.49633,96.397415,96.151344,89.513916,86.07345,94.89911,91.02169,91.74022,94.82507,101.894646,90.01841,93.7595129327476,93.84104402119955,94.20752724348101,93.63564915922802,94.35287500758335,93.38898391219239,94.46999809624376,94.15858103112946,89.513916015625,93.49633026123047,93.68098735809326,93.54632282257079,94.59384447607958,94.45466443341641,89.513916015625,93.49633026123047,86.56194
ID73,1998-02-01,95.42446,92.35421,92.8652,87.31159,84.66321,94.48755,89.50375,92.15569,85.95312,99.280556,87.993164,92.01496925734854,90.45195588829276,90.59005489535608,91.9592874359374,90.89300027454522,93.9976651635354,92.63745705696284,91.4964368719595,87.31159210205078,95.4244613647461,91.98631572723389,90.73068809509276,92.68807562315031,91.86444652237171,87.31159210205078,95.4244613647461,99.86849
ID73,1998-02-08,88.02912,94.06331,93.30528,85.60466,83.19792,94.87808,89.36048,95.003654,87.52911,99.32413,98.92162,90.85778661240685,90.7586657485967,92.66050537273017,92.4688946569926,92.65434873178918,89.88097572453051,91.13158667320488,91.76916272367649,85.60466003417969,88.02912139892578,90.97037315368652,91.24689483642577,91.32180117427623,92.28372295531715,85.60466003417969,88.02912139892578,86.42819
ID73,1998-02-15,101.101494,100.2886,96.830345,89.73158,89.16607,99.37023,94.56627,96.31761,91.37254,104.784004,124.05313,97.08799272174906,98.70768754655938,101.42166523363902,106.65900689668189,100.81198294931335,103.52032352044287,97.71761088861557,100.37186566689628,89.73158264160156,101.10149383544922,96.97982406616211,99.66597080230711,97.73897864552816,100.7782884522409,89.73158264160156,101.10149383544922,98.185165
ID73,1998-02-22,94.931656,99.00295,98.92103,92.36279,89.19513,102.222694,93.026436,96.24221,92.75014,105.435585,90.01841,96.73390826078197,95.16226828886288,95.64804509022865,94.25727053563237,96.02649889654296,94.57898194148804,97.05930457022626,95.9430889331478,92.36279296875,94.93165588378906,96.88728427886963,95.32721138000487,97.19979493260027,96.28236278456329,92.36279296875,94.93165588378906,80.72067
ID73,1998-03-01,94.3077,93.77608,94.37631,89.555565,94.036415,92.25152,92.605515,93.33092,88.52676,97.66474,87.993164,92.88188290391012,91.61331841016722,91.75358665553905,91.77349385220623,92.03166577821699,93.27431754098305,93.86297979883005,92.62189118050983,89.5555648803711,94.30770111083984,93.5717306137085,92.52959156036376,93.8597091773374,92.6369949524799,89.5555648803711,94.30770111083984,85.49448
ID73,1998-03-08,94.86674,94.03135,94.67845,85.28958,92.509605,91.870255,91.4096,97.28937,91.65208,98.58348,98.92162,91.98887226328513,92.70051044563218,93.94715926708722,95.92869655459273,93.92709958936321,95.29988175001907,93.32579079145722,93.92144510380008,85.28958129882812,94.86673736572266,92.90488243103027,93.81661319732665,93.3045650650925,93.87745138603499,85.28958129882812,94.86673736572266,92.71436
ID73,1998-03-15,96.737816,93.2226,94.28036,89.927025,91.60848,92.90048,91.342514,96.11573,97.42104,101.246284,124.05313,93.30032331418765,97.50278727766424,100.04065407655364,105.53597762039702,99.30080609145986,100.31585176004303,94.64110135486303,98.69923943165715,89.9270248413086,96.7378158569336,93.90819549560547,98.56209278106688,94.6452387615975,98.65219934671039,89.9270248413086,96.7378158569336,91.517624
ID73,1998-03-22,106.97644,103.789024,101.65814,95.90443,92.50988,103.62823,100.32184,97.778,101.23639,105.50609,90.01841,101.97462316196523,100.67426282212068,99.64320000611943,100.72303072038305,99.86922262707958,104.2721676275396,102.0371006653672,100.58387326253643,95.90442657470703,106.9764404296875,101.28675842285156,99.69985008239745,102.04016580349513,100.93917714758027,95.90442657470703,106.9764404296875,81.13059
ID74,1998-01-04,113.176674,112.720695,119.94731,111.13693,103.643776,113.56885,109.29386,115.04213,119.226425,136.9594,138.4666,117.4362702826091,121.89484794709358,121.35396386801364,122.57033935287384,121.10914104695198,121.3699723258336,116.22106460790593,119.11857380891257,111.13693237304688,113.17667388916016,115.05593681335449,118.16815567016602,115.70118399061803,119.11572906699541,111.13693237304688,113.17667388916016,108.8243
ID74,1998-01-11,112.043816,113.29296,118.71844,112.99877,104.293045,109.47893,108.34205,107.51603,114.67036,140.69073,143.64809,117.77927653957421,123.38414536206973,121.74815674376836,123.39953440920154,121.28962383060849,121.95165626729819,116.59895711787209,120.15783055391488,112.99877166748047,112.04381561279297,114.98234272003174,119.2534875869751,115.88269177819637,120.11800825533791,112.99877166748047,112.04381561279297,107.37769
ID74,1998-01-18,108.95552,120.27771,124.4837,116.64334,112.160194,115.01218,117.27396,115.62589,119.16533,142.9638,175.38138,121.43162644441281,132.7502617942758,131.39512148143112,132.92562851322202,130.33839137684416,130.2131867266899,120.50966766869477,127.64720691550576,116.64334106445312,108.95552062988281,119.72130107879639,127.26745128631592,119.71691736867903,128.05645128326066,116.64334106445312,108.95552062988281,107.916885
ID74,1998-01-25,112.702675,119.96965,125.10225,119.48616,117.695274,118.12967,123.3292,123.33641,119.6026,136.99237,119.345085,122.47353462110516,121.9775779896103,121.47368964349712,121.63359150333912,121.80852204998045,121.9546056806672,121.87232056446628,121.58019862281854,119.48616027832031,112.70267486572266,121.67590618133545,121.82783317565918,121.37742774984832,121.13663540725902,119.48616027832031,112.70267486572266,109.54761
ID74,1998-02-01,137.56622,132.97696,135.88646,130.04369,123.72446,126.11255,132.86372,133.57797,128.92017,139.88782,138.4666,134.96460714802186,135.98620212707849,134.32499815102932,134.99106316659416,134.4160733620401,134.76437319931938,134.2929513583837,134.90696962780348,130.04368591308594,137.56622314453125,132.38273429870605,133.9269905090332,134.34458683364088,135.10897152445878,130.04368591308594,137.56622314453125,104.642296
ID74,1998-02-08,126.38248,125.030556,127.234215,120.90331,119.46712,125.44353,124.503456,125.6367,118.640015,143.52203,143.64809,128.56079305740482,131.77106218045176,128.5308023357314,130.23074248184113,128.3665106064297,129.39126390193937,127.12185757401994,129.27174444911364,120.90331268310547,126.38247680664062,126.56083679199219,128.83640670776367,126.94853007006394,129.4521655414846,120.90331268310547,126.38247680664062,119.22672
ID74,1998-02-15,129.10916,127.05399,123.247086,118.425354,119.94377,121.75995,123.13072,127.075584,119.710884,147.36768,175.38138,129.31621565154825,139.05123628485154,133.99454937044456,137.3089704382486,132.62907979730022,134.73828065097524,127.2626973995614,133.5280712389461,118.42535400390625,129.10916137695312,126.254714012146,132.95739269256592,127.16674130735504,134.41496122786052,118.42535400390625,129.10916137695312,95.672104
ID74,1998-02-22,120.69675,124.40656,123.364136,117.41583,117.42898,124.685104,119.66539,123.388756,120.902626,145.76535,119.345085,126.1201857259037,124.77499516239536,122.72051638128414,123.83715454148368,122.77240773506536,124.01328082564915,124.37413106236977,123.72173589200703,117.41583251953125,120.69674682617188,124.17851257324219,123.51101016998291,124.02044770447986,123.31497520198634,117.41583251953125,120.69674682617188,109.87638
ID74,1998-03-01,142.50078,136.80835,133.35187,128.13019,134.16728,134.11192,138.50574,134.62242,138.64224,137.13963,138.4666,137.06420285062376,137.45315404366167,135.84429371585455,136.9233701935466,135.49032960452357,136.73142498196032,135.92572228679816,136.27051829164967,128.13018798828125,142.5007781982422,135.58946990966797,136.13380432128906,136.43035701950637,136.77539805882884,128.13018798828125,142.5007781982422,117.62231
ID74,1998-03-08,132.4294,132.95311,129.11775,123.98762,129.97209,130.53397,132.61414,127.93404,132.69673,142.57666,143.64809,133.24399709360128,135.47683390469408,133.33057210990503,134.8185416036682,132.74975142056113,134.17462608318948,131.77886118188312,133.32328335996917,123.98761749267578,132.4293975830078,131.77309131622314,133.41235637664795,131.89645251792552,133.6639350881147,123.98761749267578,132.4293975830078,98.90847
ID74,1998-03-15,130.09033,127.47875,123.12958,119.46881,126.40194,126.078285,125.68807,125.971405,126.4957,141.66293,175.38138,129.19989223197615,138.80802810259587,134.99867772298512,137.99434801993692,133.531843762363,135.4475967632438,127.50836809847445,133.70469467145713,119.46881103515625,130.09033203125,127.49983787536621,133.66272449493408,127.57299404819611,134.68812671755825,119.46881103515625,130.09033203125,134.73172
ID74,1998-03-22,123.645584,128.26189,124.43901,121.46303,128.85272,128.67093,129.47198,127.92088,131.19745,142.51556,119.345085,129.11648982243176,127.12114844663397,125.80190945944909,126.82457327599795,125.60786304910954,127.27825778907294,127.63733866871243,126.55685020244285,121.46302795410156,123.64558410644531,128.41508865356445,127.24935817718506,127.5423289617055,126.3061186374816,121.46302795410156,123.64558410644531,117.13572
ID75,1998-01-04,77.16607,83.2646,92.38889,86.16019,80.71358,86.51388,80.88841,76.69548,90.77117,98.528244,117.5697,85.97665614405233,87.37642835761991,93.80906239672515,93.17720420071845,93.54532175244412,97.83497100400072,87.16599832245126,91.3472279615793,86.16018676757812,86.16018676757812,85.70298290252686,90.31804370880126,87.43323455002948,92.21726095862935,86.16018676757812,117.5697021484375,88.24303
ID75,1998-01-11,74.81161,83.43776,91.7825,87.78435,79.2723,86.12226,82.99888,79.14805,80.97848,102.547714,108.66649,86.57344345190184,87.62293216639095,90.77969886474808,90.14190870455883,90.85440956812819,94.46208163850855,87.61925497387548,90.08033816631628,87.78434753417969,87.78434753417969,86.09467124938965,88.64461803436278,87.93691061111141,90.8467480434309,87.78434753417969,108.66648864746094,64.8606
ID75,1998-01-18,77.66081,85.73094,95.95312,89.80718,86.70149,85.38413,90.34922,86.85652,85.0833,105.12871,132.60126,90.1100585741818,92.36809759134495,97.8219742862668,99.13740181106483,97.47013241229836,105.41711807329384,90.39279579099751,96.58447987008967,89.80718231201172,89.80718231201172,89.58945083618164,94.85272979736327,90.71254082428851,97.82480695405678,89.80718231201172,132.60125732421875,75.04169
ID75,1998-01-25,80.03634,85.66403,95.428,91.61116,87.73359,89.27367,91.022606,91.83851,96.19373,98.49219,79.89216,90.10672455655086,89.78571097868038,89.722878583349,84.26492674906935,90.36423767112721,85.46836220333432,90.14550568561197,89.10535521298567,91.61116027832031,91.61116027832031,89.9076976776123,89.8945150375366,90.39222858059372,88.9882389302376,91.61116027832031,79.89215850830078,82.28564
ID75,1998-02-01,93.629906,97.46385,102.03884,97.79257,92.45293,98.332184,96.227005,100.98926,97.3051,101.9729,117.5697,97.87744134742742,99.99659153056592,102.32757976304833,102.95813538198826,102.22364848580958,105.45966527709209,98.37653677648461,101.6379702395713,97.79257202148438,97.79257202148438,97.48877334594727,101.09526634216307,98.51693125567867,102.16577567284293,97.79257202148438,117.5697021484375,113.63756
ID75,1998-02-08,83.24207,92.09765,98.58719,93.253975,83.39789,93.40783,88.499405,92.82047,93.00416,105.612686,108.66649,92.89007633765569,94.86338644949306,97.23227092362595,95.58700067817769,97.30094653525198,98.65214272274207,94.09137841830693,96.46301125416002,93.25397491455078,93.25397491455078,92.26233673095703,95.91058635711669,94.37286859558536,96.98111693040487,93.25397491455078,108.66648864746094,102.0384
ID75,1998-02-15,83.92219,90.53153,97.60169,92.954865,86.83097,94.38936,95.782455,94.94404,107.145164,107.432205,132.60126,93.84248353828606,96.42996098047527,103.4362201640048,102.35961436289287,102.63083443549685,107.79312642307237,94.12139234762296,100.9426698586236,92.95486450195312,92.95486450195312,93.6806583404541,100.89161777496336,94.379824554703,101.88251659738708,92.95486450195312,132.60125732421875,104.73435
ID75,1998-02-22,88.05525,90.97899,97.74662,93.41752,86.04367,86.52624,89.22878,95.387695,109.30007,108.385864,79.89216,93.75401207959712,94.26253705187581,94.5145713672362,87.93446224874721,94.75683886249344,87.93205663479141,94.82921775169893,93.81437676822154,93.41751861572266,93.41751861572266,92.54786682128906,95.39552116394042,95.06928252104407,93.47317715220218,93.41751861572266,79.89215850830078,99.07943
ID75,1998-03-01,102.34096,97.98905,101.79294,99.41173,95.65343,88.97703,98.23577,99.53634,85.226265,99.322655,117.5697,99.46095037993085,101.05986664485502,101.00512964748589,105.42820586128843,101.01675306033447,106.85276925834481,99.50607029284694,102.01190725627066,99.41172790527344,99.41172790527344,97.96544456481934,100.39870452880858,99.54464484906043,102.53884126999449,99.41172790527344,117.5697021484375,108.1536
ID75,1998-03-08,93.16815,96.30579,100.976875,97.52261,92.07569,87.96047,91.74936,92.94239,81.24898,102.41046,108.66649,96.69443549120925,97.84089273228908,97.64652746272797,99.80016441478732,97.93068336220658,101.56512161065436,97.42663033472378,98.41658744527757,97.52261352539062,97.52261352539062,95.27117729187012,96.65521907806395,97.5880155452086,98.90337874070482,97.52261352539062,108.66648864746094,102.44608
ID75,1998-03-15,96.11413,99.11799,98.50844,96.52617,89.41409,93.96218,89.126785,96.984695,84.9193,103.49276,132.60126,96.72572885884595,100.26881964680229,102.64909286095485,107.90704181814485,102.07384397630653,111.10132170644428,98.15247031208048,103.0405834394555,96.52616882324219,96.52616882324219,95.78281784057617,101.03309154510497,98.24418101254705,103.97555381966527,96.52616882324219,132.60125732421875,98.13256
ID75,1998-03-22,96.414734,99.129074,101.23153,98.4407,91.668755,91.80347,95.801186,97.80298,93.53602,105.615036,79.89216,98.8044621457728,98.39879647620569,95.31975651839002,92.86577118514379,95.93222077129954,91.41118914546476,99.44952244828136,96.45800768125966,98.4406967163086,98.4406967163086,97.51305961608887,96.5077781677246,99.58266117867971,96.1152837667016,98.4406967163086,79.89215850830078,112.96686
ID76,1998-01-04,108.32787,103.953316,108.21254,103.248276,103.87738,105.572136,114.83957,111.34299,114.4803,129.22232,108.17991,111.11703901940103,112.10984820362675,108.90203592615742,110.33126508148538,108.8285614166619,108.96049534341648,108.75540226665849,109.84811409126038,103.24827575683594,111.34298706054688,109.65667629241943,110.3331241607666,108.95323417135117,109.88144909957029,103.24827575683594,111.34298706054688,111.796425
ID76,1998-01-11,110.39545,110.85759,117.13777,109.6999,109.77196,116.70947,114.93678,119.6367,116.69039,135.69724,155.3656,117.50316685666714,117.65916080796825,122.64132736402706,116.40522142881889,121.96663019087306,115.19291648946346,114.9754792407651,115.85935873271376,109.69989776611328,119.63670349121094,115.65076923370361,116.23587417602539,114.9352529829861,115.74237899478283,109.69989776611328,119.63670349121094,122.514465
ID76,1998-01-18,116.649765,115.03772,119.41113,111.90443,118.00342,128.126,123.744736,119.55272,121.36874,135.25557,162.32246,121.92842539991398,120.93175382905079,126.58250357263037,119.76986894851008,125.80313585312885,118.67208936648291,119.35848558655894,119.3378206793272,111.90442657470703,119.55271911621094,121.01659679412842,119.64793586730957,120.30859236785786,119.35929416843044,111.90442657470703,119.55271911621094,114.00578
ID76,1998-01-25,116.62538,122.61711,115.50512,111.611404,121.01441,121.08663,125.82099,129.6806,121.55179,130.06708,111.55971,120.80414466700282,121.24160144118423,117.38967600735526,122.14240243619223,117.09183563169435,122.32213951427407,119.83426133958024,121.57936897398027,111.61140441894531,129.68060302734375,120.54351615905762,121.0841121673584,120.30724526660676,121.4458720686993,111.61140441894531,129.68060302734375,117.49079
ID76,1998-02-01,123.29755,124.2086,125.57755,120.561005,122.588486,130.52052,133.17397,126.11567,124.16201,131.20953,108.17991,126.01485002702081,125.28085288274112,121.45544018986294,125.03040817382411,121.99931311804279,124.86168309612702,124.7529681382359,124.74810807523123,120.56100463867188,126.11566925048828,126.39215183258057,124.71505069732666,125.78891902701716,124.63520302496585,120.56100463867188,126.11566925048828,112.42991
ID76,1998-02-08,115.578316,128.95532,123.45731,118.71235,117.95918,126.0988,123.69493,123.638054,119.29222,133.12956,155.3656,124.2138890975962,123.59874685920491,129.18621822483607,123.30652106010075,128.3405214995958,124.05977113759505,123.0947084921315,122.71251830445624,118.71234893798828,123.63805389404297,123.44822216033936,122.59029006958008,122.98143894233925,122.27896395387911,118.71234893798828,123.63805389404297,132.54866
ID76,1998-02-15,130.89572,128.82202,121.030045,120.05183,119.526634,127.456474,127.721054,124.913315,125.9111,137.90031,162.32246,128.79002136162956,128.59260126191816,132.15231996910762,126.82168694125515,130.80958964601362,127.22079194673313,126.59432978417459,126.22574932137917,120.05182647705078,124.91331481933594,126.67551136016846,126.13137245178223,126.43369248117263,125.93562468135839,120.05182647705078,124.91331481933594,119.05576
ID76,1998-02-22,115.231514,117.31959,114.78432,114.78756,119.600716,125.17098,125.00101,126.37996,125.92003,134.35007,111.55971,121.44044616276898,121.46946276532054,117.4481611336039,121.24335609834628,117.22678464485404,120.33748866764353,119.19321147001196,120.87161722103991,114.78755950927734,126.37995910644531,120.78071880340576,121.04671859741211,120.10147877959461,121.00172314617065,114.78755950927734,126.37995910644531,146.0547
ID76,1998-03-01,123.808105,136.50003,125.64665,125.96163,128.3333,132.13475,135.88972,136.1693,131.17923,128.16801,108.17991,128.57188392468652,128.62553675878985,125.3680445907634,130.32784873682897,125.28849276675325,131.46047517322214,128.64187826631326,130.02569396320072,125.96163177490234,136.16929626464844,129.55527591705322,129.47078227996826,129.28793366206875,129.84705165496257,125.96163177490234,136.16929626464844,133.14046
ID76,1998-03-08,132.2931,138.0919,122.215775,121.65452,124.614845,129.69524,132.90431,132.82193,134.70352,133.41776,155.3656,130.425936246932,130.92774180677853,134.29731932175892,131.1511017586973,132.68832673385376,132.49547474405182,129.4963615169773,130.55897382692848,121.6545181274414,132.82192993164062,129.36093139648438,129.97666931152344,129.3951635395543,130.31482884573342,121.6545181274414,132.82192993164062,103.27459
ID76,1998-03-15,118.16824,129.39404,117.872406,121.29152,122.59854,122.08281,115.91997,121.55669,120.34338,132.07097,162.32246,124.21987270403588,124.12324699196601,129.74233539014665,123.38260375862521,128.1956757624311,124.13731789291408,123.54550128014068,122.94024440667275,121.29151916503906,121.55668640136719,122.42481231689453,122.91197395324707,122.55535104214763,122.67315485905556,121.29151916503906,121.55668640136719,108.24566
ID76,1998-03-22,131.23509,131.81834,120.763145,124.11698,123.49696,124.577965,128.87863,124.91319,124.92928,132.92944,111.55971,128.54548001841152,128.66945791263421,123.38015568114358,127.38105003873828,123.05108161339517,128.22163341303596,127.58530696103404,126.96846860575947,124.11698150634766,124.91319274902344,127.22707080841064,126.77530574798584,127.2477653136427,126.69482232050544,124.11698150634766,124.91319274902344,114.794846
ID77,1998-01-04,130.26552,134.39528,131.93182,125.161766,128.84723,130.5682,127.30169,131.40887,125.06671,145.71747,134.75803,131.36013031601163,129.92378201328444,131.63053283525167,132.4177653071569,131.5724003837276,132.82690300312356,132.40553226123407,131.42334749520145,125.1617660522461,128.84722900390625,131.77362251281738,131.4942502975464,133.01228919097818,132.02459992456983,125.1617660522461,145.71746826171875,111.586006
ID77,1998-01-11,138.31853,131.58156,130.31912,127.181694,123.81882,130.09692,130.06422,129.89659,125.233246,147.53595,139.0584,132.47821102648044,130.7492873374636,132.3198272148944,133.82511163240844,132.12341878733793,134.59662569661305,132.491869357639,131.51177003962997,127.18169403076172,123.81881713867188,132.36460208892822,131.7607297897339,133.25433135077748,132.7049886912695,127.18169403076172,147.53594970703125,123.26407
ID77,1998-01-18,143.47623,141.58755,141.34192,134.10393,126.621796,132.15504,133.90703,131.61906,127.40895,151.14497,180.26039,138.078888419954,135.55322935050108,146.12008631865737,143.2725216438445,145.39811528659715,144.92170824836725,138.253729580418,136.79178281273144,134.1039276123047,126.62179565429688,138.04230880737305,137.23004913330078,139.0584242999679,140.7082729046759,134.1039276123047,151.1449737548828,127.07785
ID77,1998-01-25,147.67819,139.86032,140.72281,136.16063,130.63747,133.79861,133.3211,135.31877,132.53833,148.58963,136.46765,139.6774986990787,138.1066475538966,138.73555403508422,138.16799089444066,138.94732648662014,138.81893542599707,139.3109327528218,138.40875067327013,136.16062927246094,130.63746643066406,138.84609603881836,138.74824905395508,139.7585579727662,138.52004041170127,136.16062927246094,148.58963012695312,131.74644
ID77,1998-02-01,150.57072,135.621,144.66803,139.30318,129.33102,133.68935,133.46095,139.6866,134.69267,148.8578,134.75803,139.53973860405935,138.53210281070153,139.50027574210802,138.7228060755378,140.17013265928256,139.41134068761764,140.13376603560278,139.41509523078446,139.3031768798828,129.33102416992188,139.43775749206543,139.59172248840332,140.99851416064698,139.88483094460165,139.3031768798828,148.85780334472656,146.25197
ID77,1998-02-08,147.23792,136.36177,139.012,131.56612,124.221664,131.2389,130.96945,136.71465,127.7822,149.76352,139.0584,137.06265143637077,134.94819641217092,136.88079134543634,136.54985096768755,137.12112811983798,137.494838890643,136.65921946296749,135.46957502080363,131.5661163330078,124.22166442871094,136.29641723632812,135.89801120758057,137.41483010701572,136.29342908346118,131.5661163330078,149.76351928710938,134.65282
ID77,1998-02-15,142.843,133.11842,139.00702,132.1329,128.91158,132.36331,137.57913,134.27068,133.23143,155.25467,180.26039,136.2924257894178,135.48493147158078,144.83984342274908,145.13348565825072,144.1296744733707,146.6797395117324,137.75864495809947,137.14295109852222,132.13290405273438,128.9115753173828,137.65125465393066,137.10779190063477,138.97034675232192,141.78265792672642,132.13290405273438,155.25466918945312,125.32877
ID77,1998-02-22,141.11992,141.01393,142.8025,136.10551,127.59934,130.6602,134.36075,133.90921,134.72038,154.81346,136.46765,137.36527543112066,136.80500548766042,139.75226557407123,138.11834098757106,139.96637305667238,138.78318851614193,138.9995822766976,138.43236680871976,136.1055145263672,127.5993423461914,138.55945301055908,138.60440731048584,140.19780379320787,139.13070572207616,136.1055145263672,154.81346130371094,138.47975
ID77,1998-03-01,145.68318,138.47047,144.5186,136.5483,134.11517,130.67241,135.05043,132.84499,127.27665,146.39449,134.75803,138.76534738530844,136.01993256643692,138.08986627558383,137.11387090431649,138.78110993351777,137.6849514908778,139.44341480891686,137.8016597703707,136.5482940673828,134.11517333984375,138.93163108825684,137.9599084854126,139.885718649249,137.81429827043894,136.5482940673828,146.3944854736328,165.83377
ID77,1998-03-08,146.68575,132.43819,138.8646,129.63966,129.52518,127.53144,129.61916,129.0627,126.05043,149.41383,139.0584,135.80547249835024,133.57559017289427,135.56682266179428,136.20391817421407,135.94963796823185,137.1412867960679,136.25892935328883,134.89116624688208,129.63966369628906,129.52517700195312,135.46472454071045,135.01863384246826,136.85580812190184,135.7649110281905,129.63966369628906,149.41383361816406,146.85692
ID77,1998-03-15,141.78659,131.186,135.0565,127.00151,126.92804,130.03938,127.33693,127.23574,127.41921,149.22678,180.26039,133.86217119024354,132.47084675568192,141.6089060527553,141.346393943319,140.80548088679726,143.03869046941725,134.38884875673295,133.46334965040023,127.00151062011719,126.92803955078125,133.57021713256836,133.5805025100708,135.14164433528737,137.9370857575993,127.00151062011719,149.22677612304688,142.26723
ID77,1998-03-22,152.07098,152.6584,144.21649,136.53503,128.08965,127.764,135.79068,129.27328,121.58558,151.95456,136.46765,142.99239127073403,137.88621963975928,140.69529271516777,137.2091427121227,140.83174739260568,138.24619041671593,141.01369197250378,138.38619445458576,136.5350341796875,128.0896453857422,141.1349744796753,139.35933685302734,141.0687494811235,137.54121199874683,136.5350341796875,151.95455932617188,127.51183
ID78,1998-01-04,118.2506,112.89478,114.54217,105.98835,113.83312,115.42072,115.442535,109.606125,111.394806,125.579346,108.53498,115.88853423887504,113.14609026262245,112.38309326550416,112.75973345348962,112.65613885177146,112.45465629891441,113.9840585385779,112.2986746346757,105.98834991455078,111.39480590820312,115.24395370483398,112.74406147003174,113.18574105599342,112.20579458820683,105.98834991455078,109.60612487792969,93.01683
ID78,1998-01-11,113.65274,114.280945,115.15713,109.01859,134.39569,124.2022,118.56916,118.172806,107.359856,127.470604,114.74224,119.45222843459604,117.2405527939382,113.50405794517602,115.11317223727484,113.81152639954848,115.00022497121013,117.58753068421235,115.17396874116324,109.01859283447266,107.35985565185547,119.59338283538818,116.32586479187012,118.09216972313352,116.09365112407112,109.01859283447266,118.17280578613281,95.04208
ID78,1998-01-18,101.751434,114.70378,113.853165,107.88565,99.48819,110.05767,113.66362,112.878914,104.95566,129.48482,151.19673,113.48587701559462,110.53870431316005,118.90537793005386,116.91928131454524,118.11899953009507,115.60856734543722,110.92593217321419,109.45704587489439,107.88565063476562,104.95565795898438,111.36104106903076,108.64755153656006,109.30403792141145,109.16459751245227,107.88565063476562,112.87891387939453,95.2788
ID78,1998-01-25,112.95531,120.073456,115.75167,109.060936,101.18724,110.15363,115.35367,114.38904,111.18528,128.7571,124.105736,115.49498408027726,113.2020660341384,117.08063314447708,117.19744740231056,116.71881745179934,117.55609345133482,113.96320594025572,113.1290307157501,109.0609359741211,111.1852798461914,114.16162586212158,112.49457454681396,112.3995124663998,112.67254627519148,109.0609359741211,114.3890380859375,102.77486
ID78,1998-02-01,103.15706,110.619644,107.77265,102.090294,96.84494,103.597855,109.5907,105.10686,104.90974,128.62677,108.53498,109.7502856073031,105.93270920409398,108.12355861956709,109.33837516914976,107.93705812187027,109.19252721112476,106.89924481887999,105.51793691723141,102.09029388427734,104.90973663330078,107.78748893737793,105.01148509979248,105.0416462886128,105.12295841428092,102.09029388427734,105.10685729980469,120.21304
ID78,1998-02-08,90.16905,111.65822,107.60181,100.58569,99.52175,107.47514,109.653885,106.06718,103.18357,128.71353,114.74224,109.11891641145208,104.95659101108676,108.24407724767183,109.82513995581172,107.95058296928285,109.7901658434809,106.0258297672484,104.4569675358585,100.585693359375,103.1835708618164,106.92238521575928,103.55514430999756,104.61476416081437,104.44803652756907,100.585693359375,106.06717681884766,104.16886
ID78,1998-02-15,107.06296,118.2553,110.746155,105.34972,107.623215,111.96847,113.72174,112.57923,104.82159,129.77817,151.19673,114.02922503293897,110.88951669843925,118.7827253528851,116.90020332320564,117.64761485114215,116.4444754907577,112.07577959373172,110.17526043942235,105.34971618652344,104.82158660888672,113.0632152557373,110.01998805999756,110.93304094556385,110.2027724216627,105.34971618652344,112.57923126220703,120.502365
ID78,1998-02-22,116.95334,129.92578,117.633125,110.86307,118.31971,123.359955,125.30562,126.19264,120.03624,133.44882,124.105736,122.49216206381801,120.7369309152889,121.43852244181842,123.69893403722884,120.7860333281333,125.16696517376442,121.04193637361534,120.95018955970932,110.86306762695312,120.03623962402344,121.97617721557617,120.65369033813477,120.2563883976499,120.96902015899934,110.86306762695312,126.19264221191406,99.487114
ID78,1998-03-01,108.97516,120.32543,110.35839,107.04698,104.797,105.98083,111.91439,110.67856,114.25094,128.05754,108.53498,112.93802516903256,110.26829357473684,112.91406772144438,114.4951138534281,112.35755321918863,115.57909645748317,111.78607838345027,111.62639608071541,107.04698181152344,114.25093841552734,112.18196487426758,111.04335594177246,110.58452357148477,111.44507975591372,107.04698181152344,110.67855834960938,126.82799
ID78,1998-03-08,91.54324,110.4776,106.37684,100.551094,102.572464,109.11358,110.67035,110.526405,112.26575,126.97424,114.74224,109.28553167610502,105.95173078596302,109.13861636976088,111.12720185765139,108.6208909837356,110.43886114498171,106.17212861818476,106.69991694470278,100.55109405517578,112.2657470703125,107.28492641448975,105.62296772003174,104.96216402741848,106.68992512610713,100.55109405517578,110.52640533447266,108.62704
ID78,1998-03-15,104.91894,116.19751,111.97641,106.60304,109.81826,114.460075,111.41361,116.638824,109.33866,127.12309,151.19673,113.45501101035201,111.07701215281176,119.31088856904428,117.6027099271108,118.29173767456273,116.57354418572787,111.88507301470739,111.33993728386383,106.60304260253906,109.33866119384766,112.81386756896973,110.86315727233887,111.15412869585589,111.54063654961752,106.60304260253906,116.63882446289062,98.84495
ID78,1998-03-22,98.91241,118.80724,114.04947,108.80009,110.59953,121.50719,115.99434,118.941414,119.27144,130.3501,124.105736,116.08864098259798,113.13699866338509,116.96960482178368,118.60451881273804,116.4788846615893,118.23829626893254,113.86274668365613,114.30608872062707,108.80008697509766,119.27143859863281,114.87754535675049,113.1719913482666,113.07930248403397,114.41646065227897,108.80008697509766,118.94141387939453,107.08837
ID79,1998-01-04,174.59712,184.21895,180.32219,167.35158,177.21234,171.8707,178.85228,177.14824,164.78473,191.91557,206.33878,177.88451130440887,176.60935538477003,182.10794178658088,183.59525348840498,181.5952660270504,182.40873402786258,176.7851226722024,176.47057489173605,167.35157775878906,178.85227966308594,178.2925910949707,176.44667434692383,176.36179837144485,177.2755422537513,167.35157775878906,167.35157775878906,145.75224
ID79,1998-01-11,167.3105,172.04988,180.57002,168.2826,165.35878,170.69833,175.22137,171.70204,158.67143,194.74487,182.90373,172.80245210256933,170.80830452301734,174.49130657346106,176.17883544733817,175.11888068300854,175.48513264826985,172.47831310380403,171.87843593901394,168.2825927734375,175.22137451171875,174.27954483032227,171.39919090270996,173.02450566079528,173.37850351449663,168.2825927734375,168.2825927734375,141.35982
ID79,1998-01-18,163.70944,155.27136,173.88261,162.21513,164.81367,169.36731,174.65422,169.98547,160.89626,197.6353,231.82535,167.2639350717202,164.50375726908678,178.3359733298043,181.63368085029384,177.9163543129593,181.6303736140319,167.59698763930464,167.14680061003898,162.2151336669922,174.6542205810547,170.1936321258545,166.7374038696289,167.05681010002397,169.17765242687068,162.2151336669922,162.2151336669922,134.65282
ID79,1998-01-25,158.23843,160.27264,173.10162,164.8451,159.48209,171.31628,173.95737,170.6022,161.01729,194.08928,179.32552,166.62107711422976,164.12474141851175,169.23784608630444,171.16314725640936,169.7874171298176,171.11932355852502,167.5546918112743,167.25500684917233,164.8450927734375,173.95736694335938,169.41285133361816,166.47696685791016,167.56035836827243,168.23280235236186,164.8450927734375,164.8450927734375,138.95319
ID79,1998-02-01,164.61282,146.63144,174.131,164.13303,157.84969,168.94472,181.7279,170.94418,168.01309,194.56491,206.33878,164.67989555783603,161.96391762914143,173.34834349267257,176.83454563696978,173.7149853068085,177.3657083186907,167.28618802793122,167.03296872555742,164.13302612304688,181.7279052734375,169.07443809509277,166.12184715270996,167.74509953048576,169.25051786750834,164.13302612304688,164.13302612304688,133.78485
ID79,1998-02-08,160.42302,144.75441,176.40622,161.04117,150.38994,167.03967,172.5121,166.65472,161.85605,198.13036,182.90373,162.41313640695915,159.16712235721226,167.85011470132136,169.3557413049931,169.11725276852547,169.8578581,163.7383055372134,163.24186304080834,161.04116821289062,172.51210021972656,166.33711051940918,162.40265655517578,164.56710613619794,165.48895547113133,161.04116821289062,161.04116821289062,166.24146
ID79,1998-02-15,164.90533,146.62329,165.70131,155.87392,158.90166,168.25407,176.41898,163.73492,159.91159,200.30247,231.82535,162.78799669204963,159.37864608952725,174.0151100840749,177.65552249856069,173.30823057810989,177.84676452557343,164.05908543793794,163.18083743018326,155.87391662597656,176.41897583007812,167.1226291656494,162.55168533325195,162.78768821971437,164.94846522420062,155.87391662597656,155.87391662597656,147.60652
ID79,1998-02-22,173.54794,160.98085,170.7224,161.13554,153.39572,152.37804,168.86841,163.49979,164.62714,201.97238,179.32552,165.6770176119425,162.37846124876378,170.16780064793727,168.81645746377362,170.1610965568457,168.46856239590284,164.15284276338662,163.20350188249498,161.1355438232422,168.868408203125,167.87516021728516,163.0660858154297,165.4692006336654,165.9831905971859,161.1355438232422,161.1355438232422,174.47397
ID79,1998-03-01,182.9301,152.68735,168.97981,163.99133,158.8574,155.79877,171.47064,164.26904,160.05196,192.22021,206.33878,166.17837779168553,163.81167147170953,172.8299792752778,174.2542265644915,172.57202954222385,174.2652824453865,165.44533721343518,164.69862227092094,163.9913330078125,171.47064208984375,168.36695289611816,164.87305641174316,166.35042516441786,167.54405494946667,163.9913330078125,163.9913330078125,193.2404
ID79,1998-03-08,173.87488,150.1565,172.64867,163.60486,161.20494,165.71701,163.30363,161.25699,157.77171,195.59323,182.90373,166.5996950990656,163.9647356300343,168.20832454600315,167.76228854101646,169.04281270482718,168.16125876114518,164.84473343628468,163.75342242070334,163.6048583984375,163.3036346435547,168.26296424865723,163.97093391418457,164.64955853140694,165.05198593792474,163.6048583984375,163.6048583984375,152.49869
ID79,1998-03-15,170.56717,152.27454,170.00613,164.46956,155.44243,163.90244,160.71988,164.47241,156.46031,197.54143,231.82535,165.1695176234549,162.2275284002242,176.78003206104853,177.77473023009838,176.19258072199707,178.08043706280404,163.27018519109575,162.5974062211001,164.4695587158203,160.71987915039062,166.86544609069824,162.73181915283203,163.47872852916302,165.69780187691435,164.4695587158203,164.4695587158203,101.65702
ID79,1998-03-22,173.3268,167.92885,172.60199,165.92459,159.91335,155.62962,167.4918,157.38974,157.76534,200.74918,179.32552,169.23142440573307,166.3670618878145,171.33189716793788,170.74336346789488,171.38188638337041,170.0526716321413,166.94008776429524,165.15431916665867,165.92459106445312,167.49180603027344,170.4457721710205,165.02584266662598,168.04953908963455,167.9070363047142,165.92459106445312,165.92459106445312,156.6807
ID8,1998-01-04,45.01057,39.927864,55.929874,51.23962,56.376442,54.298218,58.64029,58.093266,45.46154,51.2339,75.014175,51.269334522733715,53.19536232242036,53.42798549158229,53.81027643429893,53.86855322305115,54.20949111185963,51.97279321545791,52.564469839188156,51.239620208740234,56.376441955566406,51.58209705352783,52.49588918685913,52.20643794702902,51.895117048529535,51.239620208740234,56.376441955566406,32.15703
ID8,1998-01-11,53.76356,45.512367,60.80426,58.309128,56.782948,63.389618,58.322563,57.913914,49.996677,57.00572,82.45465,56.35638976231434,56.91462795317803,59.37980475357975,57.16142462451388,59.784775066844205,57.104032711091264,56.88494565246434,56.404475613759246,58.30912780761719,56.7829475402832,56.73627042770386,56.378934383392334,57.04507413853012,56.461703469567574,58.30912780761719,56.7829475402832,49.00794
ID8,1998-01-18,53.429405,51.73152,66.07879,64.45825,58.164925,60.475666,57.532936,60.158024,59.930916,57.122448,62.81179,58.59878985007078,59.826209911309924,60.496092455026556,58.960409085992424,61.24097757584467,59.04775248522339,58.78521582111406,59.73414087214249,64.458251953125,58.16492462158203,58.62424278259277,59.816378593444824,58.9717705346062,59.41579312229622,64.458251953125,58.16492462158203,49.489796
ID8,1998-01-25,60.468388,60.217003,68.83115,67.284935,49.648476,51.951565,56.826263,61.68318,79.51195,50.368446,31.831066,59.171505903380094,60.28054721921498,60.497978843675845,58.508319725298236,61.30911782653394,58.976395987713396,57.92847057592245,61.6702635514567,67.2849349975586,49.648475646972656,58.199527740478516,61.994314670562744,57.80980197817313,60.059318678713105,67.2849349975586,49.648475646972656,62.627552
ID8,1998-02-01,66.14886,72.08909,72.93987,74.52761,49.613445,63.003494,67.48412,67.16864,65.67079,54.131268,75.014175,66.03210004429245,67.51069177476182,70.86057825068494,60.564283902870535,70.94984916812214,61.30461954817341,64.75243256322271,66.19986579104796,74.5276107788086,49.61344528198242,64.99221992492676,66.56213331222534,64.65116844350845,64.67327419851242,74.5276107788086,49.61344528198242,72.165535
ID8,1998-02-08,71.44413,74.76132,74.45321,74.644226,57.45467,66.377266,63.33901,68.24904,64.127174,57.06383,82.45465,68.29869511923484,69.04545862094591,73.31504150522804,62.40374940372699,73.31589646350103,62.790686425850765,67.1575560041689,67.65031710117769,74.64422607421875,57.45466995239258,67.44220781326294,67.92573928833008,66.94719219691373,66.36005418767294,74.64422607421875,57.45466995239258,68.849205
ID8,1998-02-15,66.63116,77.9789,73.28245,67.51073,65.27523,69.32488,66.25621,70.03827,59.864937,58.453182,62.81179,68.59198545380211,70.25550273554234,68.27445754347899,64.97304600522426,68.65939254447412,65.27070280104512,68.20226054871489,68.58911290851044,67.51072692871094,65.27523040771484,68.08909177780151,68.69145011901855,68.09935481535541,67.27379756455973,67.51072692871094,65.27523040771484,63.676304
ID8,1998-02-22,61.099876,71.102554,73.200005,63.23191,64.75542,60.45165,65.047104,60.28937,66.796326,55.66098,31.831066,64.96837234144513,66.06143985833609,61.399150316459945,63.80687603743417,62.515855247185755,64.20032522264243,64.50858737966175,65.56413666086542,63.231910705566406,64.75541687011719,64.31868696212769,65.60929203033447,64.45592168800485,64.9203047444054,63.231910705566406,64.75541687011719,66.6525
ID8,1998-03-01,69.433014,74.20607,76.32281,77.45745,64.419304,71.5408,72.507835,81.26104,79.892555,51.11151,75.014175,70.45097457410971,74.21421138443147,74.70328261805311,70.63614281143052,74.77361271392412,71.360967161559,69.7579514444121,74.45419072131823,77.45745086669922,64.41930389404297,69.62484931945801,74.70098304748535,69.6007809650286,70.75454322576648,77.45745086669922,64.41930389404297,58.942745
ID8,1998-03-08,76.215065,79.28988,75.989105,77.3169,72.5643,63.93848,68.60428,69.61476,82.72653,54.75632,82.45465,72.14263175089391,73.11306240733364,77.92742998870239,70.9776729593322,77.42592903492698,71.52007138967788,71.01044157538301,73.64474990700498,77.31690216064453,72.56430053710938,71.08429145812988,73.75552988052368,70.65309239860919,71.65596280282492,77.31690216064453,72.56430053710938,65.74547
ID8,1998-03-15,79.65207,81.05846,76.89133,75.26635,67.07274,72.25932,65.66739,74.16675,72.75925,56.52814,62.81179,72.65710916528506,73.52224396163183,73.32162062814253,68.71748767211885,73.60438710756841,68.9482411638488,71.54558377265208,72.9593739404351,75.26634979248047,67.07273864746094,71.79947423934937,73.14269733428955,71.13646428387203,70.79829992887827,75.26634979248047,67.07273864746094,61.181973
ID8,1998-03-22,65.93234,72.92502,72.71496,71.28175,58.048656,63.24525,65.44139,69.3861,68.931114,56.160007,31.831066,66.52528271217972,68.17052288257206,63.21637075933327,63.31544802223125,64.17923647580871,63.839539364892154,65.63041008625542,67.49979267485142,71.28175354003906,58.04865646362305,65.71867227554321,67.74678039550781,65.525119003161,65.87877463302576,71.28175354003906,58.04865646362305,62.967686
ID80,1998-01-04,63.511333,62.68668,66.911545,58.997883,58.567074,59.23727,53.669342,58.61642,48.965534,80.295685,84.98159,65.06575391883217,57.74766028271756,66.18435144193735,65.3044230685198,66.21160229262402,63.699124169663335,61.5448484517805,60.06238980164928,58.99788284301758,58.99788284301758,62.98460149765015,59.68671751022339,62.377788843258706,60.64839034422809,58.99788284301758,58.99788284301758,54.118492
ID80,1998-01-11,61.60811,63.870365,66.409744,61.145977,53.088688,64.13693,58.677917,64.45518,46.479904,82.63701,77.24882,66.41527935482587,58.19508241429313,64.73572784671862,64.65898458728843,64.953781138171,63.43478017522369,61.89789482352949,60.74338244102996,61.14597702026367,61.14597702026367,63.946842670440674,60.149362087249756,62.728050159805896,61.69410042167805,61.14597702026367,61.14597702026367,49.973698
ID80,1998-01-18,58.11387,67.284164,66.80361,60.933792,58.509285,65.43765,61.542637,60.168667,60.422512,84.560165,110.455025,68.37928876241423,61.93644277290532,73.65847914047743,67.87118873778176,72.70941246142067,64.6924703028665,62.75310710798682,62.17698285140775,60.93379211425781,60.93379211425781,65.39814710617065,62.20919418334961,63.03798277819041,62.21405628604055,60.93379211425781,60.93379211425781,56.99632
ID80,1998-01-25,56.642136,63.460365,66.53379,62.245598,60.39972,64.36507,60.500614,62.82363,66.53532,79.90287,67.95108,66.46111822931786,62.98986843208823,65.85046143275193,62.37191845592,65.8686595740874,61.821876042942144,62.2343289019074,62.8331024132698,62.24559783935547,62.24559783935547,64.25626993179321,62.87570285797119,62.7226940029331,62.89163970365996,62.24559783935547,62.24559783935547,59.42925
ID80,1998-02-01,72.273315,73.5435,73.17492,67.93124,56.535576,61.431046,62.803963,60.08453,65.15576,82.42587,84.98159,69.18920925469979,64.24219361524516,73.95238546494203,72.58348500077655,73.67538315249575,71.48277224663117,67.99469696759307,66.7364118472122,67.93123626708984,67.93123626708984,68.76492881774902,66.26623582839966,69.19676108748476,67.28819855724865,67.93123626708984,67.93123626708984,71.83061
ID80,1998-02-08,68.710594,70.58356,69.27781,65.829346,51.396194,56.325356,55.31453,53.96222,55.680496,85.57913,77.24882,66.51926639013351,58.55478209542733,69.24116667696069,68.8077541776157,69.08748963287813,67.97762223341316,64.18341581810918,62.119737247663174,65.829345703125,65.829345703125,65.37706470489502,61.470696449279785,65.81199306979573,62.95796008379998,65.829345703125,65.829345703125,66.64913
ID80,1998-02-15,62.49656,73.25444,67.71345,63.70228,60.33932,63.905037,67.38818,59.014877,55.590775,87.16604,110.455025,70.83742851214902,61.992522096965644,74.93518640670817,70.65303977877701,73.89051175596285,67.43882713333949,65.34851609668577,63.33771527752468,63.70227813720703,63.70227813720703,68.24566316604614,63.25209188461304,65.40774098398512,63.472291365941665,63.70227813720703,63.70227813720703,64.36086
ID80,1998-02-22,61.429146,69.55846,67.71383,62.21878,58.272995,63.875908,59.77434,58.1094,60.03661,88.03381,67.95108,69.40899052940901,61.88713678087939,66.92622602198071,64.51663240224002,66.90399473079718,63.75451060668567,63.76621961633527,62.69612051203702,62.218780517578125,62.218780517578125,66.35965871810913,62.65189075469971,64.2965507273007,62.78397577854844,62.218780517578125,62.218780517578125,48.11941
ID80,1998-03-01,73.57405,72.37271,72.08306,69.16155,56.168716,57.36426,60.57068,56.74518,61.143017,80.91436,84.98159,67.58946482490839,61.93718228108881,72.97817932478824,72.76622337420326,72.6993022864819,71.86057671865422,67.43106604162449,65.46653125787422,69.16155242919922,69.16155242919922,67.77617406845093,64.82656860351562,68.93963784042786,66.25376995778018,69.16155242919922,69.16155242919922,72.64597
ID80,1998-03-08,67.320984,68.40639,70.265366,67.85459,55.92277,54.994602,56.04464,55.747437,56.32651,83.736694,77.24882,66.08653891410322,58.898479481236976,69.25466890976368,68.90930246785194,69.23298542292804,68.29231037035855,64.65729909455794,62.791250230377884,67.8545913696289,67.8545913696289,65.5682544708252,62.10483121871948,66.39851447964847,63.76630563901009,67.8545913696289,67.8545913696289,67.42504
ID80,1998-03-15,64.92666,70.10404,70.69091,66.46377,51.697727,54.961445,52.894184,58.04154,54.346786,83.30049,110.455025,64.94785623785967,58.001250537248204,75.15764179408089,72.17015015745147,74.39180326883047,69.38393637432395,63.61643473870413,62.20154582896069,66.4637680053711,66.4637680053711,64.3799033164978,61.404109477996826,65.51782482369852,63.3322607569117,66.4637680053711,66.4637680053711,60.047344
ID80,1998-03-22,59.777676,66.48036,70.50709,65.97217,56.394066,52.48813,59.08694,57.485424,52.938534,84.29162,67.95108,64.88477671222171,56.703726725890306,66.09233470606928,65.12740121797489,66.42451497148384,64.637868921951,62.617092618848915,60.977162554419635,65.97216796875,65.97216796875,64.374755859375,60.255430698394775,64.21086786168125,62.126569711523636,65.97216796875,65.97216796875,59.915833
ID81,1998-01-04,71.93791,69.428,72.44192,69.18369,66.05734,68.53306,68.50737,69.44303,73.7773,87.341156,83.442924,71.29216477980806,75.32625865404691,74.47293073314184,78.09253691146714,74.20958486347513,74.82222947665004,73.40977465688653,75.30077526344962,69.1836929321289,87.34115600585938,71.67880630493164,74.51074504852294,73.72558102198957,75.61276341974789,69.1836929321289,72.4419174194336,72.75118
ID81,1998-01-11,67.18997,71.51427,73.81486,70.652855,67.30228,71.544235,73.13383,77.105515,67.40495,91.102005,104.47133,72.7842365278511,78.57672190720643,78.17333029828873,83.76392885800459,77.61284265078737,79.09844061625355,74.73828330695015,78.78947847779372,70.6528549194336,91.10200500488281,73.28178691864014,77.21180915832518,75.06480265344051,79.63766532551733,70.6528549194336,73.81485748291016,80.023674
ID81,1998-01-18,67.01755,73.76764,75.22911,73.208374,71.7073,72.85392,75.817825,81.04126,67.72478,94.089676,115.86008,75.00987087650155,81.66872414600502,81.53845696798595,87.70315518692549,80.72767949198743,82.41575170511699,76.73812250726138,81.86982771029935,73.2083740234375,94.08967590332031,75.46142387390137,79.9688901901245,77.04606710456878,82.94889728260188,73.2083740234375,75.22911071777344,82.140976
ID81,1998-01-25,65.73401,70.27704,77.88252,76.43126,75.59525,73.40705,76.846,81.52246,76.08251,89.17632,72.46186,74.83563005306534,74.20495031868325,74.92649881390291,79.21436242150654,75.28729983068948,76.40629060042536,76.34005619281606,75.80029028128729,76.43125915527344,89.17632293701172,75.66868209838867,75.1815719604492,76.6478435856787,75.9887798486272,76.43125915527344,77.88252258300781,87.09889
ID81,1998-02-01,75.98867,82.667046,84.24107,82.488495,75.39265,81.87718,80.31178,84.61558,77.27574,90.186356,83.442924,80.60056850105472,81.51989463782982,82.34168240277074,85.46656438188501,82.52599726951651,84.25838411449564,82.8864007759982,83.08080698636101,82.48849487304688,90.18635559082031,81.64415645599365,82.27093601226805,83.18571632774999,83.2879466186155,82.48849487304688,84.24107360839844,94.97856
ID81,1998-02-08,80.01443,82.67498,79.434425,77.12278,69.14208,72.379456,76.331604,79.94788,72.25404,92.07358,104.47133,77.67952535697272,83.36877254777573,83.9230300887973,87.81088911429339,83.24639870582965,85.16364715569452,81.00914200736895,84.43982500362841,77.1227798461914,92.07357788085938,78.64666652679443,82.55312728881835,81.345177498483,85.09114088366582,77.1227798461914,79.4344253540039,93.08259
ID81,1998-02-15,82.677124,86.14293,79.72807,76.49098,75.097534,73.41522,80.87802,85.93305,78.75183,96.477516,115.86008,81.13853181393537,88.21883618023409,88.0582494907035,91.5965635943063,86.86054874822914,88.3943853387159,83.27021692030277,87.91554805819436,76.49098205566406,96.4775161743164,81.36342525482178,86.19296932220458,83.47630371761355,88.66419875425933,76.49098205566406,79.72807312011719,87.782745
ID81,1998-02-22,74.11955,81.9287,78.449425,76.54949,73.53439,71.252365,74.21846,81.88196,78.71924,95.08859,72.46186,77.2562862926135,77.75633603275534,78.41974529989767,82.71426747074985,78.25680274327888,81.3746400748388,80.32579132574365,79.70807286926411,76.54949188232422,95.08859252929688,78.14262294769287,78.57115364074706,80.68892650862749,79.71719746325184,76.54949188232422,78.44942474365234,81.94371
ID81,1998-03-01,82.23242,94.20213,86.22133,84.09644,77.678635,81.18657,80.41464,85.13523,72.55061,88.26693,83.442924,83.16571314125433,82.68866080291443,84.65618426915132,87.07883623803504,84.64301011303036,88.27142821261583,85.98498061062377,85.5399230644133,84.09644317626953,88.26692962646484,84.28738784790039,84.024920463562,86.21480886586082,85.66723483999043,84.09644317626953,86.22132873535156,94.5818
ID81,1998-03-08,84.74523,95.01963,83.98831,80.950935,77.15022,79.79439,78.649414,82.28881,69.17823,91.21677,104.47133,83.34833882676716,86.4497648123114,87.51692379099418,90.79188243666938,86.87006293652615,90.56383875203645,85.8948405975089,88.27065335828107,80.95093536376953,91.21676635742188,83.93936252593994,86.1706027984619,86.0907961487281,88.802273153056,80.95093536376953,83.98831176757812,90.36034
ID81,1998-03-15,86.039856,90.71213,81.41997,79.717606,72.90563,72.07876,69.70861,76.54974,68.94952,91.566635,115.86008,79.39691687851605,86.73811294817655,88.09544783299913,91.55825191090634,87.06224116147266,89.84082370123312,83.68146177014404,88.40793942642492,79.71760559082031,91.56663513183594,80.51864910125732,85.79306793212889,84.05468205631992,89.22740990269887,79.71760559082031,81.41996765136719,82.02262
ID81,1998-03-22,83.50854,82.875275,82.09206,82.76571,73.68455,72.51207,75.51144,76.67144,72.33366,93.936264,72.46186,79.5356558436643,78.57686786876454,79.6959836287341,84.2788086916135,79.927626719726,83.34319195551377,83.5123926768944,82.1859339821664,82.76570892333984,93.93626403808594,80.86073684692383,80.31067848205565,83.91744615540308,82.2166686847406,82.76570892333984,82.09205627441406,86.95423
ID82,1998-01-04,217.0592,216.77322,216.57753,214.85504,217.77798,227.84021,229.07184,217.52739,211.185,233.3453,219.20042,221.0040998584527,219.04898489627388,216.93311238405605,217.4797623039641,217.06853413277614,217.49823381951222,219.7998325171571,218.16865047078306,214.85504150390625,216.77322387695312,221.66254234313965,219.3953628540039,220.5611627618142,219.1229074723146,214.85504150390625,214.85504150390625,194.41084
ID82,1998-01-11,213.78767,221.67859,217.30537,212.63187,215.19057,224.85556,221.23914,224.39891,195.81546,229.45363,223.93477,218.78649923331508,217.35376453641578,215.81778553768447,217.6951831592246,216.0369372486299,219.19338989967252,218.73304600892766,216.6750226441212,212.63186645507812,221.6785888671875,219.5177993774414,217.49088287353516,219.1592262621666,217.49786979170418,212.63186645507812,212.63186645507812,194.96318
ID82,1998-01-18,219.1005,228.36569,219.56145,209.45772,215.31992,221.57434,222.86418,232.04637,206.61082,219.30731,190.78117,218.15035311209232,217.96951660472917,212.5877554939274,216.78469201480453,213.25558274668313,222.22382741259702,219.76978149537933,219.0933070359164,209.4577178955078,228.36569213867188,219.4438877105713,219.50302505493164,219.4025854889628,214.36079078530344,209.4577178955078,209.4577178955078,192.04366
ID82,1998-01-25,246.45894,226.90057,225.9845,227.1259,221.05826,223.65945,217.5484,216.84726,226.30652,232.31894,245.05524,227.494911246881,228.56042101153304,231.32636929547954,237.08955557507244,230.79187005675743,233.40108572843647,229.709041949299,229.3062706094567,227.1259002685547,226.90057373046875,227.6318702697754,228.20026016235352,229.63220982800357,231.82454092907352,227.1259002685547,227.1259002685547,206.22041
ID82,1998-02-01,234.40062,215.475,225.52882,222.98474,217.44101,221.24524,218.23044,222.30725,221.431,236.64407,219.20042,224.70998323291224,225.88363325008757,222.62395430861864,225.23366925044184,223.16820805798235,222.0629724540702,224.66184144497439,224.61019328048718,222.9847412109375,215.47500610351562,223.99374389648438,225.00209426879883,225.36080211467828,224.48226635550748,222.9847412109375,222.9847412109375,238.12466
ID82,1998-02-08,222.12683,212.18193,222.78993,212.40324,208.27434,211.8911,196.74867,219.9659,208.57364,230.4115,223.93477,215.43412614012345,218.64522816908104,217.910182746732,218.30011262329018,218.4869680090027,215.9148950822215,216.38060159870156,217.16249065035717,212.4032440185547,212.1819305419922,214.60344314575195,217.5430088043213,216.96267943372422,217.54303042529153,212.4032440185547,212.4032440185547,138.99263
ID82,1998-02-15,208.741,205.69562,207.01659,205.24431,198.10617,201.61998,204.2211,209.88945,198.83795,216.80469,190.78117,206.75482207238235,207.58019455622878,202.88035110120558,204.81913677919806,203.3837413199401,205.74229960456825,206.89582051143333,206.47837583041007,205.2443084716797,205.69561767578125,205.9311809539795,206.73119735717773,207.42671414917814,204.86818336515552,205.2443084716797,205.2443084716797,205.06313
ID82,1998-02-22,219.65727,218.57307,225.37766,222.01678,209.80278,221.42607,207.05212,211.12991,209.27563,221.06421,245.05524,218.82859162465977,219.96755935092543,224.26522984786553,223.27045175812685,224.41982994346534,220.59285111614486,220.2885096385792,219.45426218469007,222.01678466796875,218.5730743408203,218.12124633789062,218.56507682800293,220.27150827376087,222.61588766487924,222.01678466796875,222.01678466796875,204.27406
ID82,1998-03-01,236.85516,228.318,237.99178,231.99579,214.62312,213.44638,208.28175,213.0915,234.0742,240.78851,219.20042,229.09392510887614,232.57549389572924,231.48506775834628,230.91173837366185,232.07800618506968,230.16888904844032,230.57501539176087,231.2201702502189,231.99578857421875,228.3179931640625,226.53756141662598,229.57016563415527,231.0698076086611,230.89161582075866,231.99578857421875,231.99578857421875,238.01947
ID82,1998-03-08,220.94081,217.15573,226.41254,214.50911,204.06198,198.1094,194.3482,200.76755,199.69911,232.82549,223.93477,216.03178948782943,217.68259798442267,218.63242670203277,219.46829367302277,219.30129665297122,218.27894547517135,217.02438925515898,215.70968962346066,214.5091094970703,217.15573120117188,213.54540824890137,213.8024673461914,217.73729281792635,218.38239299011704,214.5091094970703,214.5091094970703,214.03209
ID82,1998-03-15,206.98201,207.05565,207.40436,205.45741,203.8269,198.2049,187.45358,199.19423,187.7851,221.56313,190.78117,205.69878089092862,206.46993831496772,201.65857379876869,203.93811498205784,202.32005511793798,205.6215760940684,205.83376890638357,204.81635969386025,205.45741271972656,207.05564880371094,204.74349212646484,204.20584678649902,206.51191658890465,203.4058148817081,205.45741271972656,205.45741271972656,228.60336
ID82,1998-03-22,230.05571,222.65466,219.20938,212.33844,202.68819,196.58382,192.1607,201.36642,198.13553,221.5958,245.05524,213.36500547962737,215.1879534367757,221.19109583958516,226.7544889742046,220.66004819402542,224.66552285728093,216.6984014040326,215.448348973418,212.33843994140625,222.6546630859375,212.1608371734619,212.74246978759766,216.55031629883905,220.18199972756426,212.33843994140625,212.33843994140625,207.40399
ID83,1998-01-04,91.88762,93.80776,103.78223,101.28564,97.07906,99.24136,99.742935,97.186646,84.21341,105.653595,107.25934,99.23977876846251,101.10440926728116,98.63125687520514,99.35747415059483,99.3206317008622,98.68146011398395,98.90994414434805,100.13650170432281,101.28563690185547,91.88761901855469,99.06002521514893,99.9995756149292,98.8278347410277,100.22517150362862,101.28563690185547,91.88761901855469,108.25881
ID83,1998-01-11,106.897804,116.37732,103.97066,101.07004,92.70137,98.63589,95.25597,102.75663,92.69966,106.41792,81.05168,105.3531272385218,99.83518576857652,100.20188386415738,104.95320207936246,100.42206891112959,106.3327839177592,104.81381363109695,101.52102181864005,101.07003784179688,106.8978042602539,102.6658706665039,100.89033508300781,105.81074894545522,101.83209792720868,101.07003784179688,106.8978042602539,100.28932
ID83,1998-01-18,107.62576,111.27637,114.47247,109.26701,101.42297,104.132805,105.20849,103.79356,113.715775,107.25412,135.25775,107.7544524723733,114.2152249943835,116.21325091705913,112.79053502047304,115.79389011019344,112.60712699883484,108.70908583108289,112.77855331392291,109.26701354980469,107.62576293945312,107.58250045776367,111.3386583328247,109.06513396480679,113.51210332110182,109.26701354980469,107.62576293945312,85.96791
ID83,1998-01-25,113.3358,103.53273,108.74358,107.651794,99.82757,102.647255,107.679955,106.517136,107.76408,105.953224,96.29143,107.10928959946496,104.57472889279822,105.31309663332932,106.42973662125485,105.76444800081015,105.67885901544057,106.82172393402429,105.22220980459103,107.65179443359375,113.33580017089844,106.17148876190186,104.74792289733887,107.39624679760064,105.53228189621053,107.65179443359375,113.33580017089844,96.23882
ID83,1998-02-01,106.91058,113.35687,111.81147,114.86211,109.841705,109.63266,112.53888,100.052246,104.872826,107.11591,107.25934,109.5176099224966,108.94368873610412,110.01550242391009,110.51468023081576,110.191336280366,111.20924566012492,110.72741470595132,110.15851857689866,114.86210632324219,106.91058349609375,110.75877380371094,110.09883117675781,110.54970300932385,109.9672324341392,114.86210632324219,106.91058349609375,114.1899
ID83,1998-02-08,107.47999,110.46638,109.24613,109.45014,107.55932,108.99341,104.40765,106.36403,101.12047,110.09812,81.05168,109.10574481657088,102.62825973108589,102.9645976443801,106.3045838082125,103.73574186107494,106.99319280320036,108.99476889280754,104.93938231774762,109.45014190673828,107.47998809814453,108.46264266967773,105.54314613342285,109.10202674017856,104.47943261404941,109.45014190673828,107.47998809814453,119.266174
ID83,1998-02-15,121.10957,116.64121,114.96115,113.7619,111.706276,113.8694,114.96452,115.57066,124.80442,111.99248,135.25775,115.28753123218775,119.95515351951519,120.60859071710559,118.12051742257816,119.86254304977332,117.64889841101986,115.3238205009831,118.31686187755761,113.76190185546875,121.10957336425781,114.87581443786621,117.41246795654297,115.64804195876634,118.94245997230412,113.76190185546875,121.10957336425781,114.479225
ID83,1998-02-22,90.35417,103.77386,112.5768,109.90852,101.88796,99.88192,105.4254,104.103775,123.77958,111.782425,96.29143,103.72246648450732,101.96117185393473,108.11293837040887,103.98624514106208,108.42515820464988,104.91893450837088,104.63156350976415,103.36158406538696,109.90852355957031,90.35417175292969,104.44888210296631,103.30713558197021,104.46607473582625,103.08205732568922,109.90852355957031,90.35417175292969,110.099945
ID83,1998-03-01,111.385925,118.726654,111.929146,115.72739,107.27765,109.84491,112.52687,114.59613,105.67843,105.70699,107.25934,110.84853664005217,109.98461230117765,111.44372052304097,112.60151429282261,111.40583346924522,113.6422964347645,112.15591090839159,111.41291355456293,115.72738647460938,111.38592529296875,111.64069175720215,110.98225021362305,112.27084778709589,111.42762914763048,115.72738647460938,111.38592529296875,136.5071
ID83,1998-03-08,99.59146,122.34126,110.16294,113.64848,104.63546,103.476746,103.23416,106.92593,95.36624,110.10772,81.05168,108.48683185847833,102.16241525999357,104.54077152581633,108.44944437263433,104.95376764418499,110.99585348351704,109.72283442213096,105.61086591801542,113.64848327636719,99.59146118164062,108.39977931976318,105.62696933746338,109.91416536825744,105.18703292318004,113.64848327636719,99.59146118164062,124.3293
ID83,1998-03-15,103.73925,111.61226,107.10554,109.78342,104.86753,107.07663,102.84481,110.25456,108.40275,107.02777,135.25775,107.06450384403419,113.7122147247675,113.46088026285395,110.98989235909535,112.59707631161143,111.27680311527315,107.38241192385412,111.67898033845688,109.78341674804688,103.73925018310547,106.75715065002441,110.8087682723999,107.4554060558003,112.1838622945604,109.78341674804688,103.73925018310547,111.09942
ID83,1998-03-22,104.63263,112.581314,114.403145,113.603745,120.22833,119.21983,116.975266,114.05004,104.07533,106.73563,96.29143,110.35570478159336,106.96975213780675,108.06409582863887,108.87957307505597,108.87578705127547,109.95854609256803,112.16013573838694,109.65273540852826,113.60374450683594,104.63262939453125,113.54748630523682,110.96200656890869,111.12756591498086,108.55066941878734,113.60374450683594,104.63262939453125,123.00105
ID84,1998-01-04,95.448746,96.39418,101.53256,97.414345,99.869125,92.537544,95.04185,91.9064,102.02855,111.100006,103.64282,97.92857494858228,96.3307128568407,100.7102893952257,97.16438158423104,100.71104039631997,96.71850962166862,96.99117571636515,96.88136759487914,97.41434478759766,91.90640258789062,98.6672945022583,97.09056949615479,96.88474529895848,96.93375716326632,97.41434478759766,95.0418472290039,74.67123
ID84,1998-01-11,101.28076,97.85268,104.013435,99.80218,103.17439,96.218185,98.9919,97.12686,98.500755,113.450485,116.806946,101.22079407319362,99.58034206942143,104.19392339733844,100.78023492283107,104.14179229286252,100.83180793046722,100.13309755430068,99.41079056984756,99.80217742919922,97.12686157226562,101.84800148010254,99.4600477218628,100.13621433942572,99.38692942287224,99.80217742919922,98.99189758300781,101.43346
ID84,1998-01-18,102.759926,101.3808,106.64574,100.75317,104.73189,103.469315,103.78037,98.569084,100.961586,115.25513,130.32614,104.16049820041756,102.62079177094279,108.66185144660264,104.70884151383422,108.39820438781359,104.772435153517,103.51108174191873,102.46979044599206,100.75316619873047,98.56908416748047,104.84704113006592,102.5364933013916,103.38694733251555,102.4343868947221,100.75316619873047,103.7803726196289,79.57654
ID84,1998-01-25,108.85088,106.034256,105.19038,101.38819,103.649414,104.76342,102.42798,104.58546,102.40517,113.075645,103.86639,105.2680851518583,103.93649981914648,104.81750256139063,103.47159830840263,104.85438981522253,103.48717476804825,104.21607989434905,103.82698589959199,101.38819122314453,104.58545684814453,105.6725206375122,103.80553245544434,104.360664169281,103.74094785580758,101.38819122314453,102.427978515625,79.94476
ID84,1998-02-01,105.70431,106.40526,107.5832,103.99946,98.77568,101.44974,103.17309,100.10865,105.19785,113.50943,103.64282,104.41995079631198,102.79983974975184,106.03381177535105,102.19699984935816,106.13293020183602,101.89346687690909,103.44271065501013,103.02281741346133,103.99945831298828,100.10865020751953,105.07501983642578,103.33661556243896,103.80471163881789,103.26746415578522,103.99945831298828,103.17308807373047,118.003685
ID84,1998-02-08,99.54493,105.885376,108.5187,104.678955,97.65416,98.82301,99.95365,98.19542,99.29213,112.50139,116.806946,102.63960444160787,101.65715984865756,107.34958865165689,101.15496438748806,107.33889916280188,100.8942215789869,101.94170106674285,101.1559465885035,104.678955078125,98.19541931152344,103.4450216293335,101.62517547607422,102.13232770826157,101.43395956307629,104.678955078125,99.95365142822266,103.616516
ID84,1998-02-15,100.77741,107.35055,109.93009,107.149925,103.26179,101.801346,105.47298,104.16614,102.63726,118.12378,130.32614,105.85741395125126,105.4330017219354,111.64210142721849,106.60305790119813,111.30713402364108,106.6088985715457,105.31907397889034,105.03965221219497,107.1499252319336,104.1661376953125,106.73348331451416,105.22125911712646,105.30612346086016,105.21404592951136,107.1499252319336,105.47297668457031,91.60968
ID84,1998-02-22,108.79379,108.15362,107.68539,107.312614,102.262024,102.7223,104.23537,104.6792,102.62467,116.898674,103.86639,106.66727227676893,105.1757342474333,106.76343471529745,103.96580534464553,106.84438026051333,103.95802476952588,105.36526464240426,104.75887409227364,107.31261444091797,104.67919921875,107.25797176361084,104.959397315979,105.74379988393927,104.91969995951528,107.31261444091797,104.23536682128906,88.99264
ID84,1998-03-01,108.03357,109.72454,113.53688,110.496025,102.34377,104.53521,107.355255,101.48947,108.64731,110.65312,103.64282,107.9639062016505,106.72954147596161,109.41736156177461,105.30016843375721,109.80897690894334,104.9625871484819,107.5972946535588,106.74963998490203,110.49602508544922,101.48947143554688,108.33479690551758,107.26605796813965,107.9939417935523,107.12154130035607,110.49602508544922,107.35525512695312,94.47659
ID84,1998-03-08,110.97321,111.217354,111.65413,108.36983,101.27673,100.05699,106.117935,102.96645,104.93113,112.25984,116.806946,107.36621310283043,105.69151975516473,111.06227919741471,105.38219056998582,110.9710645010209,105.25825543103045,106.45623078195044,105.50541255334998,108.36982727050781,102.9664535522461,107.74075317382812,105.82381916046143,107.04165579059531,105.82437740410192,108.36982727050781,106.11793518066406,70.88374
ID84,1998-03-15,110.65766,110.21914,104.2507,104.52009,100.18583,98.126366,95.515785,95.46237,100.80012,114.13245,130.32614,104.27913582871224,101.05928586107166,110.51516729238206,101.79553082881327,109.63936316792201,101.03087924540462,102.25026805566463,100.60232309052734,104.52008819580078,95.46237182617188,104.70100212097168,101.13504981994629,102.76929370538487,100.73892438372319,104.52008819580078,95.51578521728516,75.73646
ID84,1998-03-22,118.40924,120.17407,111.66188,113.70335,101.19315,99.653244,105.0213,97.58866,98.61918,116.36536,103.86639,110.4879772593955,106.70474932625166,110.6066149512354,102.90184616140516,110.55927632935857,102.83778932343452,108.66380647195652,105.24490741037899,113.7033462524414,97.58866119384766,110.7726993560791,105.95185470581055,109.63267694050467,105.69203556085519,113.7033462524414,105.02130126953125,110.849556
ID85,1998-01-04,103.466934,104.544235,100.33373,89.71874,85.68421,97.12821,89.18854,93.96007,97.04062,132.56154,131.90427,99.47325230404591,108.35808667257746,106.97341830100996,107.56713503315896,106.02360745856494,107.00241746576901,103.70377755761088,107.77175343778248,89.71874237060547,103.46693420410156,100.32826805114746,105.65678501129149,103.02122667306006,107.439375159697,89.71874237060547,104.54423522949219,92.503944
ID85,1998-01-11,83.13393,93.96766,100.95752,92.279655,84.23957,94.448906,96.65371,105.52604,89.61115,137.47061,155.94424,96.85415250465701,108.58805603971493,107.86138602116327,102.0760002800829,106.92085170442161,99.54873531217328,98.90275303905929,106.59148791616418,92.27965545654297,83.13392639160156,97.89394474029541,104.70054244995116,98.86012618175232,106.98656978067379,92.27965545654297,93.96765899658203,89.965805
ID85,1998-01-18,91.87465,99.65688,97.559044,89.84907,83.142494,99.94574,92.218956,104.454956,94.61971,139.79309,176.94635,98.95170632699158,115.83667966883876,113.05171627592108,110.65007922675115,111.09760840376036,107.8910442016212,100.95995865696221,111.60510315185175,89.84906768798828,91.87464904785156,99.25499057769775,109.18016147613524,100.61675253661744,111.58743253883762,89.84906768798828,99.6568832397461,90.5576
ID85,1998-01-25,88.21806,100.31828,102.45352,93.91307,94.58628,99.81861,98.24384,107.79508,105.959175,132.03696,109.4424,101.2574206046499,104.73289391059969,103.60582009716356,96.74310985923279,103.32253554242942,95.83158372554942,101.44318490744986,102.88537375397041,93.91307067871094,88.21806335449219,101.19857883453369,103.36596870422362,101.39258132672319,102.91590161461349,93.91307067871094,100.31828308105469,100.512886
ID85,1998-02-01,101.686035,102.25673,112.240135,102.105255,90.45521,101.96851,107.26709,105.58746,102.48641,136.11995,131.90427,104.9662646082587,110.38078224854516,111.90996737296803,108.2305277781845,111.87388781300686,107.60231864669663,108.71032284429415,111.76664976113304,102.10525512695312,101.68603515625,106.7623643875122,109.90674877166747,108.59088605100968,112.26184210629724,102.10525512695312,102.25672912597656,81.74645
ID85,1998-02-08,100.40264,87.89214,106.571045,96.62595,86.11518,96.23686,96.65274,102.481094,96.222046,139.89626,155.94424,99.22868424924602,111.81587103189105,110.77295652334288,107.8998705485204,110.37278573440318,107.23163420903211,103.56325716565283,110.82717317075146,96.6259536743164,100.40264129638672,101.29910278320312,108.7086887359619,103.13961622140187,110.86278298577918,96.6259536743164,87.89214324951172,100.697
ID85,1998-02-15,100.149506,95.00218,99.99166,92.47819,93.12183,94.64446,99.676735,106.31114,101.69105,142.65796,176.94635,102.31130283440984,120.08092534803934,114.83043929044788,113.04806182258481,113.00741160091512,111.27792723096714,103.64509481705966,114.06462095171673,92.47818756103516,100.14950561523438,102.21531581878662,112.75484085083006,103.35664947743903,113.98816429072471,92.47818756103516,95.00218200683594,77.17215
ID85,1998-02-22,97.32805,90.06731,98.91771,91.27341,92.07311,99.489136,88.00277,103.536354,108.7634,142.1917,109.4424,99.71024768443209,105.75613677424592,102.00143038462389,97.15881109676417,101.74591297921081,97.71803346201816,101.25114946176342,103.11961677992085,91.27340698242188,97.32804870605469,99.91789817810059,103.75713443756102,100.64810187506038,102.45644655562116,91.27340698242188,90.06730651855469,78.124054
ID85,1998-03-01,128.18896,105.33024,113.6812,104.59182,96.180244,106.252335,102.595535,104.27854,92.24551,133.44965,131.90427,109.43378481834014,112.96249714551683,112.85841543812177,119.60552065893503,113.11013089543061,120.99888339641123,115.21876838160514,116.83407056926775,104.5918197631836,128.18896484375,111.28374767303467,113.19648551940917,114.4230626638377,116.70621250364744,104.5918197631836,105.33023834228516,105.168335
ID85,1998-03-08,112.1666,100.90884,110.01492,99.921135,93.3373,99.61734,102.74366,107.36964,88.97455,138.08427,155.94424,105.59767291115543,114.94270405707817,113.83990492769986,116.32904703548249,113.40400651961747,115.86594118501739,110.01536688106675,115.73045830029234,99.92113494873047,112.1666030883789,107.09925937652588,112.41898345947264,109.53199519413499,115.8699944020074,99.92113494873047,100.9088363647461,94.04261
ID85,1998-03-15,99.72869,96.42718,106.22459,97.6561,90.63597,89.65177,85.771286,96.65826,87.62632,136.51572,176.94635,97.41766844271932,116.27914359559064,114.69183134268357,114.11024312816588,113.5620915689034,112.10003373972766,104.51822295270458,114.4978149328897,97.65609741210938,99.72869110107422,100.32641220092773,111.47011375427245,103.64302721221948,113.8553942588619,97.65609741210938,96.42717742919922,85.915306
ID85,1998-03-22,95.8823,99.77933,103.29508,97.90941,93.586395,91.30776,92.86673,95.94613,83.53752,139.1517,109.4424,100.09643182422775,102.12560712807168,101.45650630466889,100.08065969430405,101.60838734981793,99.76497109739677,104.6147255648179,104.65845433463646,97.90940856933594,95.8823013305664,101.72233867645264,102.82301712036131,104.07699774088768,104.55222241305252,97.90940856933594,99.77932739257812,102.235664
ID86,1998-01-04,140.17311,139.73839,129.01103,128.6159,150.07074,147.16177,142.16045,134.91302,146.32492,130.11002,154.90532,139.5930890194084,140.1276646890976,139.12394109269707,136.3080215261236,137.9571052713123,136.68428882193814,136.24053048111836,137.49434465893125,128.61590576171875,128.61590576171875,138.38017654418945,139.34811973571777,136.8448589526921,138.70071920535372,128.61590576171875,140.17311096191406,118.33246
ID86,1998-01-11,128.23608,136.00575,122.75007,126.85576,132.5014,130.90503,129.45145,134.79318,122.47195,128.55135,116.96475,129.19935038874956,127.2677775907823,125.18659421543168,126.55255439417459,124.86967971773048,127.08887440691853,128.93035565734547,127.89198982512356,126.85575866699219,126.85575866699219,129.40711116790771,127.66457653045654,129.1754026262459,127.80926738426858,126.85575866699219,128.236083984375,114.67648
ID86,1998-01-18,130.78067,135.62119,132.19711,131.59277,130.97682,130.91904,137.33728,137.24602,126.35136,127.12223,140.01842,132.770085103204,134.07753533796273,132.93597978710008,131.3964677718512,132.75848103596547,131.88381182069526,132.13968835307014,132.82131900078832,131.5927734375,131.5927734375,132.0683889389038,133.20581150054932,132.3095513848137,133.17584465454192,131.5927734375,130.78067016601562,124.39506
ID86,1998-01-25,136.32272,133.05328,135.34207,131.47122,136.05736,140.15793,138.4176,136.67262,133.9251,128.90314,121.87007,136.17825384866612,133.53414940525482,131.46989132590966,131.96981017902192,132.00550236355798,132.54286944815524,134.13054882953935,132.96195607008787,131.47122192382812,131.47122192382812,134.96566581726074,132.67968368530273,134.25040471681598,132.8121308772129,131.47122192382812,136.32272338867188,145.42346
ID86,1998-02-01,156.0189,152.75516,148.54688,140.0488,159.00128,163.54945,151.99052,149.16069,166.34142,134.69926,154.90532,153.2049910705212,151.4201617831125,151.97896066038172,148.40414531923537,151.55855220063472,148.91904799033395,148.433777737924,148.5724439446367,140.04879760742188,140.04879760742188,150.8262825012207,149.74576568603516,148.8956315251777,149.36959023478758,140.04879760742188,156.01890563964844,162.1515
ID86,1998-02-08,143.32214,136.54433,135.41783,132.6421,146.7924,156.34079,139.81325,134.26294,136.42523,131.33768,116.96475,142.11331634461857,136.06249546830705,132.27994343833095,134.13676007893207,132.93804701362703,135.1028336646017,137.73577568945953,135.53665555767864,132.64210510253906,132.64210510253906,140.2763156890869,135.35431098937988,137.94151111278754,135.39719642580633,132.64210510253906,143.3221435546875,129.45818
ID86,1998-02-15,141.78242,141.77963,138.32973,132.03018,144.11148,157.95721,145.8211,149.99515,152.5957,132.55696,140.01842,143.7353366836652,140.48940641786885,140.6623123756583,138.88034855868378,140.47383437832846,138.71975743788533,139.4282403321648,138.99269095561763,132.03018188476562,132.03018188476562,141.7960910797119,139.55374145507812,139.6028018709624,139.4136779092297,132.03018188476562,141.7824249267578,122.47036
ID86,1998-02-22,144.78316,145.05551,142.62888,136.08452,143.20663,155.07863,146.41106,147.94504,154.2687,135.57997,121.87007,145.15291395136455,140.1809052067431,140.05365692263794,140.17919335894828,140.39143111756115,140.2325569008209,142.0469585413219,140.0424834236819,136.0845184326172,136.0845184326172,143.6035442352295,139.4524745941162,142.14438703574444,139.74732156508605,136.0845184326172,144.7831573486328,124.26354
ID86,1998-03-01,146.16641,149.96477,143.16272,138.2789,159.87617,155.52562,152.77519,149.42075,152.75174,132.60286,154.90532,149.30974379698912,148.8356373907684,147.12835340757675,143.6570478809112,146.60152667273374,144.05684425312486,145.07899090047513,145.6163312622158,138.27890014648438,138.27890014648438,147.29408073425293,147.21654319763184,145.72086161210575,146.60631144998877,138.27890014648438,146.16641235351562,144.64755
ID86,1998-03-08,124.144966,147.42073,136.3626,135.89284,144.81606,148.54663,144.14658,141.14948,137.22864,131.7591,116.96475,140.099685051395,135.43397209465812,133.98909266319225,133.69589398570452,134.15295086704842,132.52218063768623,137.34868129743768,135.3750529199317,135.89283752441406,135.89283752441406,139.13618564605713,135.18845081329346,137.55102844606657,135.14443363512981,135.89283752441406,124.14496612548828,118.43767
ID86,1998-03-15,126.23897,147.98933,135.94823,128.362,135.99748,139.53986,142.53662,137.39853,134.47418,128.85022,140.01842,136.29737907132244,136.1550041283263,136.8681760460377,133.61647722296087,136.43525300359948,132.95549730295886,134.8787365063305,135.18077861255327,128.36199951171875,128.36199951171875,135.6828384399414,135.7426586151123,135.10369878779306,135.5878854704007,128.36199951171875,126.23896789550781,117.66176
ID86,1998-03-22,129.18478,151.87866,140.34007,138.17528,149.17973,139.38728,148.79669,144.56207,145.39024,130.51761,121.87007,141.77548954920618,139.63476990896464,138.47138068385078,136.77814129392456,138.36009906623391,136.0662915118872,140.22085129538505,138.72931027729769,138.17527770996094,138.17527770996094,140.93251419067383,138.74286270141602,140.72743483236536,138.66899098858792,138.17527770996094,129.18478393554688,153.85324
ID87,1998-01-04,30.980747,31.592451,83.581215,75.168884,70.35653,88.40895,106.759735,97.60255,65.89838,69.76944,137.05945,70.5879974573063,75.06767697423393,76.3939534364975,50.34418417414139,77.74915292970867,61.81791489144543,68.78690983146097,71.22277959830576,75.16888427734375,88.40895080566406,69.57724404335022,72.49911332130432,67.88457503745508,69.89594403313258,75.16888427734375,88.40895080566406,22.15939
ID87,1998-01-11,76.26429,38.170498,87.73478,89.89602,83.628716,109.890915,106.25883,94.45638,84.619606,81.51464,149.86848,84.56175818588456,86.79594644192342,88.84472423625047,72.28136404185798,89.74667049760163,80.91319977890247,84.31251896217628,85.63067808074696,89.8960189819336,109.89091491699219,84.16983556747437,85.9114146232605,84.0915455980876,85.16876142822737,89.8960189819336,109.89091491699219,51.89374
ID87,1998-01-18,125.800545,84.65286,107.59501,109.43129,86.86292,104.448425,95.15489,111.8245,92.283936,83.275276,85.33666,99.22492410739743,105.99607355056811,96.8260339988692,98.46546666920763,98.64291593168656,100.41657900847093,101.70965059255371,104.5108090451838,109.43128967285156,104.44842529296875,99.65265274047852,103.89893245697021,102.6191637260905,104.84392307584406,109.43128967285156,104.44842529296875,91.74119
ID87,1998-01-25,120.36735,94.0804,110.44912,122.53191,89.220505,93.58531,94.882996,103.542076,99.25104,66.909454,28.90584,98.92224762057417,106.54112791435938,90.3920757175623,102.64739654538994,93.07607427662452,100.92214355155392,101.74831228994744,105.33244075238191,122.53191375732422,93.58531188964844,99.00338077545166,104.83627510070801,102.70468007087051,105.58876881783691,122.53191375732422,93.58531188964844,101.69647
ID87,1998-02-01,88.73485,88.370865,115.97239,136.35222,107.74815,111.94009,115.65757,100.27988,97.62828,74.310616,137.05945,105.7569864444375,109.6036156365779,110.653198485032,93.80545997138422,111.70052470909233,100.08587743317423,106.68394827136214,107.43982266427906,136.3522186279297,111.9400863647461,104.88584327697754,106.86701679229736,106.72573009357295,107.39934699679651,136.3522186279297,111.9400863647461,125.58714
ID87,1998-02-08,115.38487,96.79058,121.371605,131.6418,124.315956,128.78445,131.18687,132.74039,123.22743,83.438034,149.86848,116.80144986817356,123.39305773386232,121.32074950489789,115.22868687977419,121.80831533637908,118.43580557872777,118.30475285685671,122.21010814523241,131.6417999267578,128.78445434570312,116.61427211761475,122.64100074768066,118.51192577859949,121.74549238580727,131.6417999267578,128.78445434570312,123.61915
ID87,1998-02-15,126.884415,116.765564,118.754425,119.53879,117.406006,121.59769,116.41535,137.83913,123.52762,85.310425,85.33666,114.77029997988748,122.73309637166133,111.80096029939553,122.60224802553353,112.71526332017154,122.15365702575043,117.3242343339187,122.28542593500946,119.53878784179688,121.59768676757812,115.33408260345459,122.66537189483643,117.95312593501194,122.00206981649895,119.53878784179688,121.59768676757812,123.77696
ID87,1998-02-22,116.95278,111.75833,119.23559,116.27571,117.95595,105.365204,112.51806,111.323524,145.23392,76.72332,28.90584,109.59999299437382,113.69782568132128,102.62357443011012,129.4731309333285,104.41772803390606,120.56167652370723,111.21311287493903,116.28497584284591,116.27571105957031,105.36520385742188,109.59811782836914,117.33288955688477,111.54076070567496,115.68685197409162,116.27571105957031,105.36520385742188,74.73799
ID87,1998-03-01,149.34119,127.2377,127.39267,137.08754,125.82161,124.6703,129.03922,140.80446,180.0234,68.86053,137.05945,122.82705166452489,133.86768582902343,136.80598815833972,158.5774517669725,135.595189998298,145.04722670400824,127.10998133439614,137.7481282003433,137.08753967285156,124.67030334472656,123.6813440322876,139.44956016540527,128.26329448386895,136.88427977814555,137.08753967285156,124.67030334472656,80.288925
ID87,1998-03-08,142.56558,116.48543,123.63234,138.51906,124.49501,113.73101,139.0992,138.00977,174.46115,78.246056,149.86848,121.82772265158908,130.9649709403035,135.66000064624546,151.32013003264254,134.2160660343049,137.31918988574506,124.2717676704793,133.64210945110966,138.51905822753906,113.73101043701172,122.09671020507812,135.8129415512085,124.97292758958476,132.56926823642306,138.51905822753906,113.73101043701172,118.66123
ID87,1998-03-15,136.60802,129.60126,123.70203,128.34253,129.33957,131.31117,130.98178,157.32495,147.89084,84.11957,85.33666,123.42387214000959,134.1205004675877,120.76509603225105,140.39141079810835,121.12242541209537,136.68366919721214,126.5829582464226,134.5024036238702,128.342529296875,131.31117248535156,124.25074005126953,135.72032165527344,127.31552340207502,133.771681397019,128.342529296875,131.31117248535156,114.73132
ID87,1998-03-22,114.47435,109.412796,116.19176,119.626396,121.7944,126.24862,107.82939,122.80548,140.62262,81.42597,28.90584,111.91715170128326,116.82175835083507,101.2234224951283,126.68067211813819,103.20832254055298,124.05607949501947,114.12096002543532,119.14783295898646,119.62639617919922,126.24861907958984,112.12546062469482,119.65142631530762,114.5236981510131,118.64106445636314,119.62639617919922,126.24861907958984,103.89493
ID88,1998-01-04,58.41191,47.175064,64.01732,58.87899,66.40105,66.66579,70.50733,71.86658,56.181488,54.234478,83.89006,60.168003248765494,61.3262627542292,61.90035963118845,62.737587773020735,62.377639693012625,62.78841495217524,60.120012997477325,60.9534075303992,58.878990173339844,64.01731872558594,60.78649091720581,61.46968221664429,59.739290408676325,60.644253209729314,58.878990173339844,58.41191101074219,26.130983
ID88,1998-01-11,61.49414,51.862015,68.691414,64.620636,66.55684,66.64622,60.19132,64.52338,60.758816,59.420586,76.01263,62.223614347259286,62.16746859023965,64.31418473233349,62.51588386943761,65.01307295443176,63.95806386300039,62.11259931867629,62.15030170833626,64.62063598632812,68.69141387939453,62.43539571762085,62.18121290206909,61.879140805688216,62.017160722857874,64.62063598632812,61.494140625,43.214096
ID88,1998-01-18,58.97857,63.67551,77.0078,74.68893,72.463104,77.80496,68.46372,72.0166,69.9192,60.4231,79.7212,68.98074474619487,69.11100618231531,71.788351704071,69.72038492888925,72.49284026249539,71.64079095657641,68.50807725530517,68.66914237928893,74.68892669677734,77.00779724121094,69.18821144104004,69.13239860534668,68.15481058054992,68.40277600323567,74.68892669677734,58.97856903076172,67.924774
ID88,1998-01-25,69.319595,71.21017,75.34477,75.927444,69.17749,75.494835,69.319824,76.62579,96.15321,52.88893,31.391373,69.67812117639991,70.74979983027185,68.33286808822551,75.84567854998829,69.13073429841609,75.18397611712037,69.94036591462903,70.59799249436888,75.92744445800781,75.34477233886719,69.83538246154785,70.76642036437988,69.87739817233515,70.4620035734973,75.92744445800781,69.31959533691406,69.01508
ID88,1998-02-01,79.31883,80.42871,83.46907,84.1296,73.506004,74.98672,81.74315,79.834564,67.73149,57.696793,83.89006,77.14150252246492,77.87121131507651,79.02289010744828,77.12729189675119,79.47785323063056,80.25669569900086,77.94171528330135,78.30623462628905,84.12960052490234,83.46907043457031,76.9098596572876,77.70092964172363,77.9591793522243,78.19994212085022,84.12960052490234,79.31883239746094,74.776436
ID88,1998-02-08,76.54042,76.09031,82.61145,82.22726,71.25376,70.26306,69.90019,69.91626,71.67156,61.327736,76.01263,74.25348105334851,73.88696924631404,76.98366803422049,73.18526958594214,77.56441790660008,76.82624054085551,74.84588755083278,74.53654930628014,82.22725677490234,82.6114501953125,73.77677345275879,73.60958576202393,74.89693947493673,74.54195078944076,82.22725677490234,76.54042053222656,67.12257
ID88,1998-02-15,78.12474,76.61111,84.63445,81.40944,71.2009,74.653,72.97377,73.30038,73.95597,62.829224,79.7212,75.63107155780929,75.69150386310658,78.68810985279684,75.26406215375906,79.32753820403966,78.57471628161377,76.31673491184259,76.25076525112769,81.40943908691406,84.63445281982422,75.30457878112793,75.56701374053955,76.39889783035497,76.23195634911403,81.40943908691406,78.12474060058594,70.1999
ID88,1998-02-22,72.14847,71.11075,76.74394,73.355644,72.35831,74.26171,77.25205,72.898895,94.24088,61.935936,31.391373,72.2519720432266,72.33779114315638,68.67289767453882,76.95909436277371,69.58582681898122,76.34940744117141,72.55994785615816,72.60017599071928,73.35564422607422,76.74394226074219,72.3958511352539,72.46342468261719,72.46432481590004,72.5030917045167,73.35564422607422,72.14846801757812,64.03209
ID88,1998-03-01,75.06862,72.95184,80.987015,84.313095,80.2902,79.84841,84.07916,73.240875,110.36638,54.320972,83.89006,76.18830316989545,75.3784366383241,83.3601064880484,83.14824420942438,83.03678122682463,82.01263328149291,76.44547110871405,75.9832194812783,84.31309509277344,80.98701477050781,76.48241472244263,75.60124921798706,76.14155283664934,75.81952442820915,84.31309509277344,75.06861877441406,77.61704
ID88,1998-03-08,79.170975,74.10286,83.27604,83.068565,79.57396,81.402626,79.79044,72.09936,108.99437,58.72238,76.01263,77.11923811047421,76.15376939637892,82.77373383221779,83.14176440586112,82.80615304344873,82.34463224109827,77.48939761178067,76.8970934765048,83.06856536865234,83.27603912353516,77.38848114013672,76.45415592193604,77.32376764252616,76.8397734471771,83.06856536865234,79.17097473144531,70.46291
ID88,1998-03-15,75.33248,70.038666,86.864075,83.71403,71.581085,70.361015,72.0794,70.9699,95.65578,59.45856,79.7212,74.20165956035788,73.96376357457378,81.38891620711446,77.04156200477124,81.92923910776123,80.22399841999051,74.92141255031154,74.69293114671598,83.71402740478516,86.86407470703125,73.67866373062134,73.60226583480835,74.85287516039706,74.58405786345534,83.71402740478516,75.33248138427734,71.08101
ID88,1998-03-22,54.70428,64.79624,76.62927,80.25739,73.21123,75.719604,80.64007,87.75718,92.86789,60.044716,31.391373,70.78891884101266,73.07337921083655,67.02162677446684,76.4253872684615,68.19895189803721,76.85057390371368,70.31543942701182,71.82464884661944,80.25739288330078,76.6292724609375,70.75035047531128,72.568594455719,69.81070762206045,71.26864426272084,80.25739288330078,54.704280853271484,82.39085
ID89,1998-01-04,140.71088,129.59988,135.62581,119.62704,131.2464,131.97583,127.12718,126.50251,132.68538,155.43517,149.34245,139.13711864590752,140.1287779530719,135.96074834705834,131.9151638856109,135.88414258795856,128.79892124413342,132.8813594697578,132.35798727173562,119.62703704833984,135.6258087158203,133.91852283477783,133.62004470825195,131.6952104504367,131.56774905454384,119.62703704833984,127.12718200683594,111.98054
ID89,1998-01-11,133.16914,119.75936,131.31255,119.669876,126.137505,128.25449,124.76227,125.64714,124.584755,157.63449,151.81483,136.21879531131947,138.04658991399972,131.96118707739691,128.64495797331145,131.99390289587328,126.32186435138892,129.4072941836909,129.15371986382272,119.66987609863281,131.3125457763672,130.08745956420898,130.36471557617188,128.29664922936078,128.31875475949397,119.66987609863281,124.76226806640625,115.51815
ID89,1998-01-18,121.225395,129.35036,135.16687,121.37836,127.53978,130.25853,132.87,132.76094,131.2407,158.232,195.64703,136.48697659420526,137.58312906931303,143.37638647859436,135.53566297079226,142.19641591392593,132.70212765887348,131.4515507469037,131.7467177865779,121.37835693359375,135.1668701171875,132.00265979766846,132.55175495147705,129.83650223892275,134.5475285208625,121.37835693359375,132.8699951171875,122.35665
ID89,1998-01-25,120.322296,136.11818,137.645,127.971695,134.51128,134.88327,137.57222,140.34657,134.31502,155.87119,141.32036,138.57000999357072,139.08233074576245,136.32690098124567,133.8328994339368,136.29720683887962,134.00493384316522,135.07916141760865,135.5402270424809,127.97169494628906,137.64500427246094,135.61189079284668,136.06940841674805,133.73417943191052,134.53331035257284,127.97169494628906,137.5722198486328,139.01894
ID89,1998-02-01,149.18527,148.28433,157.05418,140.47298,137.98785,143.25508,141.84486,145.57907,145.50925,159.28362,149.34245,150.12757840174694,150.50841827844476,149.87659815279798,145.10824502464712,150.53098762884335,143.84108978916476,147.48134597243447,147.01702253785083,140.4729766845703,157.05418395996094,147.17102241516113,147.1146354675293,145.7191635914396,145.63335292787264,140.4729766845703,141.84486389160156,160.2709
ID89,1998-02-08,132.40155,136.02765,140.80377,128.2937,130.00449,138.65836,135.75473,136.72375,127.10839,159.14806,151.81483,141.79752768221402,141.64008629887087,138.76758192977616,134.49415753031397,138.95087685847272,133.80435676321133,136.77660342943685,135.74802396853664,128.293701171875,140.80377197265625,137.63653755187988,136.27980518341064,135.31098663070077,134.89063493383568,128.293701171875,135.75473022460938,159.24513
ID89,1998-02-15,135.21114,141.2921,134.73817,125.45801,133.5858,133.76003,137.49545,135.53755,131.01648,163.89116,195.64703,143.5683081928972,143.55178641591712,147.00365832526157,139.49571458223562,145.33400856134898,136.59246099228963,137.01778036005135,135.89753395519128,125.4580078125,134.73817443847656,138.17898178100586,137.11672019958496,134.89702176266377,138.37185352992535,125.4580078125,137.49545288085938,142.85902
ID89,1998-02-22,127.37096,135.84148,137.33739,128.00468,129.84131,137.71889,134.54214,136.29968,131.62013,165.06073,141.32036,142.458309665737,142.80321396404048,136.64753246281032,132.77307949119466,136.66512865271295,132.53467044610022,135.77629705178458,135.36053324186577,128.0046844482422,137.33738708496094,136.96469688415527,136.25962829589844,133.83750898162538,133.2306369804704,128.0046844482422,134.54214477539062,131.89111
ID89,1998-03-01,142.57242,158.58923,154.84206,143.89749,143.44156,149.82277,151.965,145.80272,155.36363,156.72069,149.34245,150.94559055889061,149.97749040059273,152.6982130031968,148.35091211367342,152.6305266095681,148.24000011408347,149.88954519540835,149.37127810264334,143.89749145507812,154.84205627441406,150.23140144348145,149.3256950378418,148.46743726070713,148.52203556695932,143.89749145507812,151.96499633789062,170.52867
ID89,1998-03-08,140.112,147.9636,145.35254,134.0443,141.78297,140.35588,141.75117,141.37761,143.37752,159.95369,151.81483,147.20830287752364,147.19348006834446,145.81589653765775,141.92748065359808,145.52554989580318,140.6499162340415,143.2923807451383,142.75761066546593,134.04429626464844,145.3525390625,143.91451835632324,143.46897506713867,141.6430264456795,142.02608439839193,134.04429626464844,141.7511749267578,145.47606
ID89,1998-03-15,123.53579,144.11293,138.13086,128.1145,132.52292,135.16089,133.55592,133.60318,138.34793,156.84901,195.64703,140.36525942906528,139.8281306964909,148.81766920052442,139.0376167499903,147.1759227572134,136.16074184763693,135.47810543013503,134.94090154447596,128.114501953125,138.130859375,136.49785327911377,135.58251476287842,133.15559325647106,137.72079660969612,128.114501953125,133.55592346191406,138.00632
ID89,1998-03-22,126.101585,141.52437,141.4483,133.36395,136.7897,139.73656,144.50833,137.90982,144.10588,159.00745,141.32036,142.8684865192423,143.2058059588549,140.9353853684889,138.25618435773166,140.8069139589254,138.67870294841623,139.8273401931387,139.94769355186153,133.36395263671875,141.44830322265625,140.31003093719482,140.4043779373169,138.53176058208163,138.47952771424198,133.36395263671875,144.50833129882812,112.321236
ID9,1998-01-04,141.97098,142.97095,144.6353,138.45917,135.78009,138.89558,132.23715,143.5104,134.86092,150.80037,145.394,142.00396813370395,142.69477516488269,142.35477873195094,142.81679838130862,142.54420850070156,143.03678013270465,141.69623791801328,142.76421065784032,138.45916748046875,142.970947265625,140.7186985015869,142.3633041381836,141.31186244517414,141.31186244517414,138.45916748046875,138.45916748046875,128.95409
ID9,1998-01-11,137.14986,140.40247,143.58876,138.19661,130.5376,138.47499,138.85896,144.96968,127.48195,154.17624,153.45805,140.42129504188128,142.40467328585848,141.82082960654935,141.78839213889952,141.98800422796637,142.05878956833752,140.88884092709426,142.1125456544696,138.1966094970703,140.4024658203125,140.17318534851074,141.99807167053223,140.69327812207766,140.69327812207766,138.1966094970703,138.1966094970703,128.44388
ID9,1998-01-18,133.39032,144.8624,146.26753,140.76224,142.94344,146.03325,152.57863,154.18138,137.85905,154.1737,175.97789,143.32356747503502,148.04524139413522,149.18683714237883,144.76088510766402,148.72990706450355,144.6428392641427,144.53010038809185,146.54305269789083,140.76223754882812,144.86239624023438,145.12643814086914,148.0513458251953,144.81111303686714,144.81111303686714,140.76223754882812,140.76223754882812,130.14456
ID9,1998-01-25,136.87897,149.38155,148.0654,142.74147,141.99428,146.47612,143.47833,150.01843,146.6053,152.10542,140.54706,144.61040600577962,144.0224972439934,145.63659061929212,145.5632610429098,145.76909970848425,145.78056940209848,145.29476291264703,145.03890554580698,142.74147033691406,149.3815460205078,145.14019203186035,144.77378273010254,145.24945736739465,145.24945736739465,142.74147033691406,142.74147033691406,137.1882
ID9,1998-02-01,147.08852,147.87758,155.86885,151.17665,129.37546,140.6057,144.15045,148.25711,140.99342,154.03831,145.394,147.41312361720648,147.171481335254,148.97045826628022,148.68817589227248,149.68277055037737,149.57744773625475,147.86446349571855,147.95252736908824,151.17665100097656,147.87757873535156,146.27268981933594,146.42813301086426,147.4510887933795,147.4510887933795,151.17665100097656,151.17665100097656,158.41837
ID9,1998-02-08,137.18845,141.80069,149.33209,141.42642,127.08267,143.22658,137.29727,144.40585,131.8525,154.77199,153.45805,141.99459183785012,143.80076806762136,144.60066272706027,143.843230322082,145.118092281258,144.13056194726724,142.50958153510263,143.8506468352408,141.42642211914062,141.80068969726562,141.5157699584961,143.53586769104004,142.26418009609537,142.26418009609537,141.42642211914062,141.42642211914062,155.95238
ID9,1998-02-15,145.84488,149.33772,145.1532,140.22502,144.44882,155.27518,158.41035,153.71854,132.59543,157.16261,175.97789,147.7630098891557,151.79319051334758,149.6946300215292,148.97663202762453,149.20375622152807,148.42767941071236,148.75110535820332,150.2788915087927,140.2250213623047,149.3377227783203,149.4822235107422,151.67816543579102,149.0684788565178,149.0684788565178,140.2250213623047,140.2250213623047,146.18764
ID9,1998-02-22,137.20374,154.74428,147.11774,141.73784,145.41888,166.60951,150.40851,151.32887,132.44498,157.19061,140.54706,147.9343258066395,146.780731593684,144.32271972672004,149.46259272809093,144.72812392451925,148.84001229583734,149.16409618144604,148.336924614744,141.7378387451172,154.74427795410156,150.05388832092285,148.8212070465088,149.4965072591608,149.4965072591608,141.7378387451172,141.7378387451172,149.87245
ID9,1998-03-01,149.73123,154.74347,153.92201,149.02261,138.16344,152.03204,147.14256,145.52708,134.02803,152.01515,145.394,149.92229218264333,149.29550335860216,148.4459358788909,151.1122778571659,149.05399280749953,151.42525970738015,150.39841787332398,150.23587353928235,149.02261352539062,154.74346923828125,149.59656524658203,149.37799453735352,150.18629497273622,150.18629497273622,149.02261352539062,149.02261352539062,160.00568
ID9,1998-03-08,141.16725,149.48206,150.35449,142.41095,132.11705,144.77783,144.8889,146.87065,131.16188,154.28893,153.45805,144.8689966446484,146.15609116609588,146.47671735949825,146.59270833212318,146.8073487818636,146.9953056484559,145.74072906478318,146.46055171067906,142.41094970703125,149.4820556640625,144.93593215942383,146.00707626342773,145.5494843300117,145.5494843300117,142.41094970703125,142.41094970703125,150.12755
ID9,1998-03-15,134.88654,141.64742,145.36955,138.20593,133.92702,138.79303,139.00003,146.17165,131.0131,153.05371,175.97789,140.62884757636442,145.9579951436041,147.01223499909852,142.47635433573046,146.68482531299037,142.64242640977355,141.14394057339916,144.25713606545122,138.2059326171875,141.6474151611328,140.6104030609131,145.23263549804688,140.9949867306754,140.9949867306754,138.2059326171875,138.2059326171875,151.78572
ID9,1998-03-22,133.78278,149.36546,146.63972,141.45883,139.64333,145.14633,149.5719,154.61531,133.24913,154.19022,140.54706,143.55934432942237,142.99537002250648,142.95953326389437,144.71147700505517,143.25531433255475,145.0337179366405,144.89072357850083,144.14990266337006,141.45883178710938,149.36546325683594,144.97482109069824,143.84671592712402,144.9831118185587,144.9831118185587,141.45883178710938,141.45883178710938,154.08163
ID90,1998-01-04,93.2732,94.12903,82.88815,78.62538,78.92238,87.88501,82.76975,82.173485,93.40264,115.02228,97.92215,93.52895714356258,86.7138774176822,91.11707031831378,84.54398393639565,90.04526526944233,84.01930046999193,85.70377783540442,84.99749671820015,78.62538146972656,93.40264129638672,89.18939781188965,85.09947872161865,86.0818785641141,86.41674230622543,78.62538146972656,87.885009765625,89.479225
ID90,1998-01-11,81.91502,86.88041,89.68209,83.25977,80.82338,90.74098,81.54714,86.30023,90.39961,119.27297,132.81168,92.36177134615261,85.81035950094262,97.54941154636448,86.12119178537245,96.56798990469112,87.42975467383992,86.7769279187218,86.27168813593048,83.25977325439453,90.39961242675781,89.26522159576416,86.20420265197754,88.5684667163388,88.5437324178286,83.25977325439453,90.74098205566406,85.94161
ID90,1998-01-18,98.10445,104.105354,90.18821,86.94435,93.16635,98.90902,91.921524,89.93784,92.81877,126.06194,169.81851,103.23396275095588,95.86871782144817,109.75286220088043,93.683558076213,107.29844705065693,96.84748466086808,95.75152349163515,93.15580641384744,86.94435119628906,92.81877136230469,98.67514991760254,93.49892807006836,96.63651051523496,94.99721770903729,86.94435119628906,98.90901947021484,74.86849
ID90,1998-01-25,89.02119,105.45903,95.969955,93.15064,97.738846,98.11036,97.752495,100.319336,97.84686,119.70829,96.60705,102.37106558027438,99.20759947648675,98.63378896185878,98.12285653963404,98.14016430447954,97.72236475425366,98.23675802012929,98.04952531798644,93.15064239501953,97.84686279296875,99.6138505935669,98.29344081878662,99.33265752583395,99.14168966552727,93.15064239501953,98.11035919189453,82.4385
ID90,1998-02-01,103.430824,113.33133,100.7312,98.04833,99.99881,107.82955,106.44517,102.24984,105.257645,120.195465,97.92215,109.09967910487931,106.34553474286962,104.08577470168092,103.75728291058766,103.57423267807545,102.7603281595705,104.76874713601717,103.96230655570618,98.04833221435547,105.25764465332031,106.25133514404297,104.23648452758789,105.19876276051303,104.63130146758009,98.04833221435547,107.82955169677734,99.68438
ID90,1998-02-08,103.057274,101.484,96.900406,93.80113,92.919975,97.49054,96.07123,94.00222,99.20446,120.57178,132.81168,103.29139341723386,97.36219985713186,105.92169760612357,95.97095153063246,104.78933916045065,96.87439491765868,97.67032591811312,96.26603913139881,93.80113220214844,99.20446014404297,100.28704166412354,96.48424530029297,98.03831801663976,97.56595782474552,93.80113220214844,97.49053955078125,104.37927
ID90,1998-02-15,102.48235,107.77742,96.701744,93.120995,96.320854,98.06708,99.18068,95.58939,101.13708,128.15756,169.81851,106.7789594629179,100.24234638279694,114.43780726253719,97.92263862450243,112.12819430457739,100.36594274610168,99.73183597404922,98.14928631412673,93.1209945678711,101.13707733154297,102.7260856628418,98.48690509796143,100.22378132807181,99.5507460289585,93.1209945678711,98.06707763671875,86.34929
ID90,1998-02-22,109.457634,110.828415,98.89287,96.16492,92.65524,96.578026,95.8287,98.35226,102.87717,130.14482,96.60705,108.01777847795273,100.06032933019394,103.17802861882791,97.64395919764841,102.52438003435226,96.03008501920947,99.58915313657664,98.2955291552467,96.1649169921875,102.87716674804688,103.81882762908936,99.02219867706299,99.3902317606128,99.51606565980163,96.1649169921875,96.5780258178711,77.590744
ID90,1998-03-01,116.29085,118.72941,105.32469,103.13192,107.8035,106.3226,112.16949,110.51121,105.91478,116.77267,97.92215,113.03829181278593,110.32908942883726,107.46731760108128,108.05266913103623,107.07241163906221,107.0310448934558,109.25995818913825,108.23549965873899,103.13191986083984,105.91477966308594,110.81814002990723,108.73844909667969,108.48635034548305,108.20311966812244,103.13191986083984,106.32260131835938,107.73277
ID90,1998-03-08,107.77544,109.69679,101.04724,98.43707,103.209114,104.53197,105.7596,106.62884,102.31426,118.615875,132.81168,108.63645396994686,104.91574277244165,109.6669985445559,103.83799947774023,108.55369628689509,104.81743705680486,104.63083519105233,103.81197668578355,98.43707275390625,102.31426239013672,106.13413715362549,103.95311069488525,104.77523079417371,104.58866105186614,98.43707275390625,104.53196716308594,91.728035
ID90,1998-03-15,109.49497,110.32069,98.271095,96.25168,99.143684,99.60161,97.32082,99.177574,95.66165,119.588875,169.81851,106.79754967530326,100.86013611342018,114.75584248736335,99.02243600058232,112.63856013016593,101.61132918399194,101.03317780736725,98.73942244317168,96.25167846679688,95.66165161132812,103.74917793273926,99.46860027313232,100.69803962444904,99.57322002424793,96.25167846679688,99.60160827636719,101.249344
ID90,1998-03-22,116.73582,117.59337,104.0959,102.31824,101.47777,104.065506,106.12609,103.2584,103.70167,127.18555,96.60705,113.39737043042237,107.1683011078893,106.82918847198943,104.14520361317184,106.39155064877946,102.71984593650357,106.76171018522957,104.48556054345843,102.3182373046875,103.70166778564453,109.94977951049805,105.32961750030518,106.21771502351866,105.21504698859233,102.3182373046875,104.06550598144531,85.57338
ID91,1998-01-04,134.92883,123.05994,124.84385,112.488976,107.46609,119.79318,113.51941,118.72533,129.26062,146.7202,140.05786,118.19121633137121,120.05310335670177,128.22104537041758,128.80972285638433,127.7392457641964,129.2186749037442,125.8909690953725,126.48709126683092,112.48897552490234,134.9288330078125,122.85255908966064,124.03598880767822,127.20825007766365,129.2577137839177,112.48897552490234,123.0599365234375,111.91478
ID91,1998-01-11,121.69411,120.18404,123.66084,115.74526,106.00989,116.905876,111.24669,118.58596,121.56004,150.78903,144.80536,115.17907733433165,116.11743343350676,126.92431934743942,126.80546372290763,126.45315151748419,124.01965840623839,123.35684153851602,123.3728214691599,115.7452621459961,121.69410705566406,120.77946662902832,121.36123752593994,125.17247128779778,127.61537408925751,115.7452621459961,120.18403625488281,102.630196
ID91,1998-01-18,119.75404,127.16123,127.74982,117.390915,111.866356,122.207794,121.24008,125.20451,121.104324,151.28172,187.37506,120.29861223001592,120.13305161510142,137.10687270622327,133.49992543333795,135.7792960992792,128.017931082941,126.1757552471365,125.73088612877814,117.39091491699219,119.75404357910156,124.83149528503418,124.69356155395508,127.72332296822992,135.01102067392918,117.39091491699219,127.1612319946289,89.17675
ID91,1998-01-25,124.18626,129.70924,127.876854,119.3862,117.45921,122.641495,124.39015,126.702675,122.90289,146.85919,132.10153,123.07851928779405,123.11811258118775,127.96320876947136,128.89442467510543,127.789865424261,127.06069463434429,127.7385100136089,127.35952449146966,119.38619995117188,124.1862564086914,126.5635757446289,126.59625053405762,128.91278213633154,128.95745655607612,119.38619995117188,129.70924377441406,110.7838
ID91,1998-02-01,133.26106,128.58812,136.18887,127.675446,115.90554,121.73185,135.53217,130.91275,130.28404,148.80344,140.05786,127.97347494815453,129.46662477582066,134.03259379059762,133.9075909541974,134.16773538250655,132.74279181725603,132.81247278788985,132.90387710198007,127.67544555664062,133.2610626220703,130.96081161499023,132.02983570098877,134.1564317673146,134.80589420634485,127.67544555664062,128.58811950683594,119.21357
ID91,1998-02-08,129.44441,125.64226,129.83011,122.225525,111.75067,115.789566,124.65159,126.36328,125.13954,152.17255,144.80536,121.7712171939747,123.42432883692459,131.29573839207694,131.74507957543054,130.97662697638384,129.7929237529849,129.0908922154542,129.09558092195692,122.22552490234375,129.4444122314453,126.43833446502686,127.60708141326904,130.84694279606572,132.3875137789728,122.22552490234375,125.64225769042969,94.80537
ID91,1998-02-15,128.16664,131.04279,125.94458,119.367096,116.73492,122.41255,126.07635,127.429115,122.112434,154.24403,187.37506,123.62426370914721,123.53674340352245,138.39867944961952,137.00645368280985,136.73742096213806,132.80506584322958,129.5473656253915,128.9405062203886,119.36709594726562,128.16664123535156,127.99861907958984,127.96110439300537,130.91380233901378,137.59164709537393,119.36709594726562,131.04278564453125,106.53603
ID91,1998-02-22,128.35559,126.8022,127.47908,117.879585,113.56771,124.7268,120.42817,129.89705,123.952156,154.36053,132.10153,121.97096626286744,121.88949122605298,127.93293593676773,129.80340309720606,127.82235519165168,128.420593594159,128.48515630992193,128.0948020354,117.87958526611328,128.3555908203125,126.69995880126953,126.60312843322754,129.89177102089948,129.87373442190062,117.87958526611328,126.80220031738281,102.51183
ID91,1998-03-01,137.79181,134.05823,135.76782,127.93169,128.9518,125.31321,138.70058,135.36334,131.63834,146.30173,140.05786,132.7070014543866,133.7431387880443,135.30676117396098,135.99969022250417,135.21984075040393,135.80382494613013,135.2955322357994,135.21974093941168,127.93168640136719,137.79180908203125,134.35210704803467,135.14274787902832,135.97203211228586,136.2188712183144,127.93168640136719,134.0582275390625,111.24408
ID91,1998-03-08,136.84021,127.07609,131.8997,123.76107,128.50829,129.98534,133.1781,136.25835,130.78308,151.09178,144.80536,130.73326615475398,130.86847856140318,133.4999116200471,134.17001545072017,133.34797758426666,133.69354786647955,133.01578699682744,132.86409789003366,123.76107025146484,136.8402099609375,132.79257202148438,132.89229011535645,133.47226590912726,134.76095346309842,123.76107025146484,127.07608795166016,72.68543
ID91,1998-03-15,123.22224,125.27034,128.27605,120.799675,122.651886,128.48682,123.80032,128.88953,122.01243,149.4867,187.37506,124.70118372609389,123.54773906521365,137.54107956052104,134.28497974465856,136.3864456508519,129.4734211117721,127.84477063495179,127.1540443559868,120.79967498779297,123.22223663330078,127.74925231933594,126.93995380401611,128.67498479152394,135.72186838250437,120.79967498779297,125.27033996582031,106.66754
ID91,1998-03-22,122.83375,125.65509,129.38757,121.1326,127.467545,131.70605,131.16508,134.41231,125.588104,150.65,132.10153,127.93030595456372,126.84523593320955,128.33951524733033,128.65925536284925,128.48073267679789,126.34696288257015,128.8849477445584,128.4099187209151,121.13259887695312,122.83374786376953,129.99971103668213,129.2349672317505,129.36318001580932,129.42351727054916,121.13259887695312,125.65509033203125,97.935295
ID92,1998-01-04,157.44687,162.76715,153.74358,159.91617,138.05418,157.14325,156.70312,140.37277,112.457886,136.23798,200.92056,150.37286836551817,148.63470409977413,157.645280992655,160.25670661897374,157.2230161690446,161.52170408408708,154.80034622976797,156.7085528058093,159.91616821289062,162.76715087890625,152.75153732299805,152.6930465698242,153.9933283386953,158.7024916765257,159.91616821289062,162.76715087890625,119.936874
ID92,1998-01-11,140.81036,144.108,158.85612,157.89946,139.32574,139.58487,147.04628,139.23688,114.942276,144.85275,185.84955,143.45303689264728,144.93692827397206,152.3448805843488,142.55196835139395,153.09370128554065,144.4013540519742,148.12368791771195,150.10855348649815,157.8994598388672,144.10800170898438,146.56044960021973,148.3305339813232,147.7011660405528,151.53860857673087,157.8994598388672,144.10800170898438,162.91426
ID92,1998-01-18,165.6889,168.0592,164.96584,166.74403,139.76183,138.992,159.42514,158.71231,132.66788,140.50989,172.8301,150.35273516982065,150.81632926648481,160.8891824450789,166.9407470753259,161.06582632794724,167.05350302470458,160.770240918936,161.3865837016408,166.74403381347656,168.0592041015625,155.51835441589355,156.40345764160153,158.8486643628779,160.2524518297614,166.74403381347656,168.0592041015625,183.74539
ID92,1998-01-25,200.66052,197.33008,174.6637,172.28575,150.59299,143.92252,152.84607,180.33948,168.4536,127.75464,87.692924,155.9726618613147,150.62492662015316,160.58227773206673,198.90159160751904,161.63545485147884,194.34973754341212,176.18779084517928,170.00873359456182,172.28575134277344,197.330078125,165.00703239440918,159.92927455902097,172.51609924763798,164.05182758085323,172.28575134277344,197.330078125,174.88388
ID92,1998-02-01,207.65712,210.38312,186.72607,191.66177,147.70387,180.93033,166.22195,188.66563,165.07445,140.69537,200.92056,170.07407894208012,172.7915848821691,189.68306082484855,209.0968200950281,189.01209129928066,207.7971776674272,189.2445246531455,189.5123188795801,191.66177368164062,210.38311767578125,178.99745178222656,181.35279273986814,186.38195366260442,187.9088049885532,191.66177368164062,210.38311767578125,201.9332
ID92,1998-02-08,167.76787,210.5885,185.41408,182.24956,135.7688,159.91006,143.00076,179.05823,153.3661,149.25105,185.84955,157.9047394238475,164.72984397663078,181.859654060214,190.383028313188,181.39772614186086,195.94849920110963,179.67133858820532,179.82167337527522,182.2495574951172,210.5885009765625,166.74383544921875,171.28193855285642,176.81387945528016,177.831625727693,182.2495574951172,210.5885009765625,201.10468
ID92,1998-02-15,170.59303,191.30879,171.38864,178.23064,125.546295,153.03311,149.97026,182.59201,141.30803,146.17603,172.8301,152.86390598225353,154.61300492142345,170.0690759532814,181.53379162748334,169.76108868647015,183.71785714335198,171.26138693571218,170.84973207111176,178.2306365966797,191.3087921142578,160.7808494567871,162.17269325256345,168.7340356017912,169.20650944829165,178.2306365966797,191.3087921142578,203.03787
ID92,1998-02-22,167.91254,181.29898,171.83044,163.32007,130.19945,145.44127,144.51425,170.16786,152.1339,142.50134,87.692924,148.98003937203023,141.66438192794638,152.21081323693477,174.9824129365599,154.01742258371638,174.32754453841616,165.20076023025607,159.24361041647688,163.320068359375,181.29898071289062,155.87729263305664,149.61120510101316,162.90171643200188,155.39989939312514,163.320068359375,181.29898071289062,174.07944
ID92,1998-03-01,196.53723,191.94818,183.99295,185.58203,148.22011,171.33582,149.5862,194.81175,166.87372,135.5972,200.92056,160.57085352595197,168.57766063246393,184.27640091737192,194.11358422770496,183.99238341322987,192.53835347595938,180.00218254349886,181.44756044376248,185.58203125,191.94818115234375,170.3499641418457,176.2089977264404,177.54595598296027,179.98637101740007,185.58203125,191.94818115234375,219.92372
ID92,1998-03-08,163.68295,201.50812,178.4213,179.12909,146.7645,171.50734,149.64189,166.99913,150.5568,144.61617,185.84955,160.97584423316817,163.66325756930792,177.17924322577525,183.65982163542992,176.76316997191628,188.84344655846164,175.14517589654193,175.1555054660856,179.12908935546875,201.50811767578125,166.9089183807373,168.81605720520017,173.28778417106324,174.62716021328626,179.12908935546875,201.50811767578125,154.05273
ID92,1998-03-15,165.71613,198.72012,173.92082,179.51468,138.90712,148.82553,139.68661,163.47415,154.77171,139.43782,172.8301,151.85602788849513,159.272542026984,173.71515753543014,183.1467576099389,172.98247506941416,187.0856519499135,172.23596591131567,172.41913431079905,179.51467895507812,198.72012329101562,160.5911045074463,165.47731208801267,169.34950744152044,169.79534336907201,179.51467895507812,198.72012329101562,182.93004
ID92,1998-03-22,207.73798,205.3536,165.42113,178.20914,138.51907,155.90384,146.74117,164.49963,156.05008,136.68405,87.692924,157.41694861494966,149.0577559375901,159.4059860559253,206.47870265754503,159.78203093882013,201.20336202313632,180.14988723127294,172.73338309257505,178.20913696289062,205.35360717773438,166.82124710083008,159.4584970474243,176.54643228062756,167.70973285623185,178.20913696289062,205.35360717773438,175.48659
ID93,1998-01-04,125.79811,121.379265,130.21819,124.92075,118.48845,120.52807,124.96175,123.14904,123.44743,135.65324,133.96896,125.3713718200591,125.64742167814342,127.60789535761887,126.18054750963509,127.89260287233489,126.98522378739638,125.2483256998276,127.02007908912847,124.9207534790039,133.96896362304688,125.2434778213501,126.40316677093506,125.63619772587772,126.93153700149156,124.9207534790039,133.96896362304688,97.2383
ID93,1998-01-11,124.07817,129.52147,133.89069,130.89009,130.37225,127.87366,134.93462,135.2344,117.41841,140.36421,151.81483,131.53672704350157,131.6257883831577,133.21833647537554,132.8200884521444,133.25062419659812,133.58795534821905,132.25390576403262,135.31527114767266,130.8900909423828,151.81483459472656,131.49064445495605,133.68829536437988,132.73238626488407,134.23293596965982,130.8900909423828,151.81483459472656,115.5576
ID93,1998-01-18,123.902054,138.14348,139.82433,135.94902,135.4375,131.20757,139.10617,135.55144,129.07277,143.98532,160.7838,135.98634713936266,137.36350762018336,140.54339456949663,139.5227703131128,140.24967291110735,140.13211190838155,137.67618279832743,141.8152473553584,135.9490203857422,160.78379821777344,135.944429397583,139.84345626831055,137.91266800960983,140.639406673402,135.9490203857422,160.78379821777344,130.20778
ID93,1998-01-25,126.114845,130.33372,135.39749,131.67647,129.0548,125.80967,135.79039,133.4824,143.37123,138.80113,125.0468,131.41047230796158,134.41117044344867,133.0213400062133,133.10784126077664,133.1533691407036,133.09038632041427,132.27286169561128,132.45485135084832,131.6764678955078,125.04679870605469,131.622314453125,133.39550590515137,132.661636286697,133.35765351453193,131.6764678955078,125.04679870605469,125.63125
ID93,1998-02-01,120.24257,127.90959,129.79845,126.23494,129.45145,132.45044,137.58627,135.32155,130.01337,138.98288,133.96896,130.26054509004103,131.3416021674695,129.76467295732718,132.1180599124142,129.7455341014193,131.86696656876157,130.62058935857306,131.4131087078964,126.23493957519531,133.96896362304688,130.33207321166992,131.46014785766602,131.55745490559576,131.54479262134265,126.23493957519531,133.96896362304688,118.55602
ID93,1998-02-08,120.053246,133.98695,134.13991,128.28351,125.450516,128.66687,133.03893,132.94072,123.43449,141.45444,151.81483,130.91341589652285,131.9618415638936,134.569934547404,134.81946178545581,134.32619327633876,135.18617438195724,131.95289284690836,135.55402198667198,128.28350830078125,151.81483459472656,130.634295463562,133.93817043304443,132.39362164642134,134.64691374079564,128.28350830078125,151.81483459472656,129.11626
ID93,1998-02-15,128.80806,138.67688,137.83867,134.28387,131.83177,130.01537,143.8328,137.58684,124.11431,144.43076,160.7838,136.01984643352665,136.22043866005006,139.46910047539942,138.76524304892604,139.09803483937134,139.2858178539198,136.7534902269093,140.76992851741863,134.28387451171875,160.78379821777344,136.21477127075195,138.69336223602295,137.3917997866379,139.47226509207667,134.28387451171875,160.78379821777344,137.09889
ID93,1998-02-22,130.43248,142.81624,140.62271,136.46405,131.17818,130.83359,136.56105,132.16914,136.18225,144.18959,125.0468,136.93776363696878,138.26333151351042,136.57253032885498,136.30118314184764,136.81299215251883,136.75708173719164,137.95850151174122,134.86855519038716,136.46405029296875,125.04679870605469,136.6372356414795,136.08362007141113,137.95063979586737,135.73134445609733,136.46405029296875,125.04679870605469,118.50342
ID93,1998-03-01,120.49834,130.77505,130.1932,126.77878,134.18655,134.20459,134.97006,133.28802,126.26871,136.94597,133.96896,131.1572666441395,131.5567539508797,129.77522140129298,131.8538384582458,129.78712897000048,131.74095074386443,131.76299857194712,131.48446476117152,126.77877807617188,133.96896362304688,131.0690689086914,131.55065727233887,132.32247750242166,131.45092599803223,126.77877807617188,133.96896362304688,135.79695
ID93,1998-03-08,115.02054,133.56715,131.84447,125.899994,134.03334,131.05174,132.82256,134.70934,124.214226,138.03006,151.81483,130.4910094010571,132.09328134218552,133.3066592180388,134.68970987736597,132.9325127877314,134.64937382404722,132.02831994315062,135.73817161361802,125.89999389648438,151.81483459472656,130.2837314605713,134.26417636871338,132.37686911449708,134.7426907320429,125.89999389648438,151.81483459472656,127.630196
ID93,1998-03-15,126.6308,138.8047,134.80957,131.53984,128.00258,129.36162,125.74665,123.669876,131.2761,141.52995,160.7838,133.05781107888316,133.83220666569608,139.27509564161875,137.80862718632474,138.51214974412557,138.09456701375905,133.58905310999577,138.6225665638326,131.5398406982422,160.78379821777344,132.05321407318115,136.30205154418945,133.33371477053345,137.4498859776322,131.5398406982422,160.78379821777344,131.72015
ID93,1998-03-22,137.75725,146.34799,141.10573,139.15604,132.83246,135.41977,134.32896,144.87375,144.17978,144.32849,125.0468,139.59021599172127,141.9195445101883,139.34298202075516,140.60306083806904,139.35494413108174,140.26521185896533,139.82147659342556,138.26896988632828,139.15603637695312,125.04679870605469,138.9095859527588,139.73387908935547,139.5208964027347,139.25359916387583,139.15603637695312,125.04679870605469,132.91689
ID94,1998-01-04,218.26926,178.77982,188.88377,196.27458,158.81126,169.84766,176.12224,173.59541,185.43066,190.59595,146.15991,189.43184434109537,185.71700462468252,181.2172934571957,174.28754867249,182.39945053841376,171.72311163049602,178.33387043839457,177.35602897927157,196.2745819091797,158.81126403808594,184.69806671142578,181.43153190612793,178.9289730600183,178.5368700117091,196.2745819091797,169.84765625,170.9495
ID94,1998-01-11,216.75145,216.61005,192.21664,201.66182,169.00313,169.44086,170.69824,175.9354,172.98022,194.99516,185.12625,194.24012786961083,186.8079844421738,195.03107733324083,179.25442040788124,194.3245508144857,173.71016730611848,184.87985986357415,182.2236189670889,201.6618194580078,169.0031280517578,191.42216873168945,185.80181312561035,183.63209110521794,181.04472265269285,201.6618194580078,169.44085693359375,127.15211
ID94,1998-01-18,210.5111,200.60054,183.78687,195.10748,180.77364,185.85237,174.15604,178.25551,180.16927,200.47104,247.10678,192.48528678832315,190.20415835653824,201.70610311204513,190.48239723664014,199.59382202921142,187.23167074844076,188.52739146538832,186.66319829244418,195.10748291015625,180.7736358642578,191.4073829650879,188.84868621826172,188.96074543949595,186.80403607276168,195.10748291015625,185.8523712158203,129.28722
ID94,1998-01-25,191.71844,200.02455,176.77216,194.60611,180.17583,186.85861,186.62843,180.91281,172.21155,198.18523,186.4019,185.79325924448125,183.26845734470112,186.20599222896305,185.39494813143463,185.14605521710988,184.18231058137053,188.54804881993442,186.84275845551628,194.60610961914062,180.1758270263672,189.3711700439453,187.0894317626953,189.18038981955726,186.6172005610989,194.60610961914062,186.85861206054688,117.696556
ID94,1998-02-01,208.24551,195.57918,181.95364,196.16374,170.36832,182.17035,180.9633,178.86678,182.15488,194.27776,146.15991,188.68508508952064,186.73138233974475,181.71637391764773,180.48072873588302,181.8993808538819,178.75084021583947,185.33968869115705,184.20331421526595,196.1637420654297,170.36831665039062,188.71522521972656,186.5782585144043,185.72381404919082,184.5211998992053,196.1637420654297,182.17034912109375,150.73645
ID94,1998-02-08,208.312,204.71338,186.79668,198.99107,177.4622,181.10089,180.92485,185.75146,179.22649,192.44684,185.12625,192.3143914430961,189.09882404681812,191.56288497271734,184.62706758514312,190.92517126642423,181.88850213611266,187.86610959350122,186.84904142525966,198.99107360839844,177.4622039794922,191.3434886932373,188.7422637939453,187.25869495767537,186.0537198877575,198.99107360839844,181.10089111328125,116.296295
ID94,1998-02-15,177.86197,184.40195,176.50699,189.61636,183.69273,183.68158,179.62808,186.50752,181.38354,199.91695,247.10678,181.92559631508692,182.47921316668197,194.60643850121647,188.03604060017682,192.51214357488914,187.19879655343854,184.09739897129134,184.4952080618754,189.61636352539062,183.69273376464844,184.41332626342773,184.63429069519043,185.6631127898788,185.52500962567126,189.61636352539062,183.68157958984375,168.74014
ID94,1998-02-22,195.31836,183.2214,168.5471,187.4808,179.15144,180.80626,185.58064,190.28667,185.61339,204.19826,186.4019,183.13538806196357,187.8285713173142,182.84811189326737,184.78979994409704,181.42419072782712,183.8860910230171,185.2085293489308,186.65430741352517,187.48080444335938,179.1514434814453,185.5380344390869,188.02205276489258,187.09585439197224,187.89164087785804,187.48080444335938,180.80625915527344,148.26407
ID94,1998-03-01,186.6054,224.23318,164.53087,181.72589,169.3518,166.96277,177.88593,171.07646,157.83789,190.21571,146.15991,176.63242886297522,174.43541066327836,175.73831211880636,172.9381658952165,173.81732181849108,168.48402117304747,181.64610258528182,179.3913025614946,181.72589111328125,169.351806640625,182.68894386291504,180.52114295959473,180.44644756340227,177.2691079046685,181.72589111328125,166.9627685546875,116.93845
ID94,1998-03-08,188.26474,231.57071,163.49915,172.64154,169.19714,167.91403,167.95853,170.35083,145.21268,190.1555,185.12625,175.3086262638794,172.0258618128835,181.02900470082898,173.42808454179786,178.1737039516466,168.0962015284721,180.7627864028818,177.89704340037454,172.64154052734375,169.1971435546875,181.40016746520996,178.8280200958252,179.3632953239934,174.99789330444185,172.64154052734375,167.91403198242188,95.12322
ID94,1998-03-15,180.06828,230.45428,156.37193,166.65215,163.15466,163.88785,163.38918,169.80112,146.50468,193.72227,247.10678,168.95834472482215,168.14378840221104,189.7046849082186,174.9621879497215,184.8310071094578,168.59016575243973,176.89678912652263,175.01742574893817,166.6521453857422,163.1546630859375,177.2125759124756,176.3727912902832,176.2275460305493,172.82883597214243,166.6521453857422,163.88784790039062,136.12572
ID94,1998-03-22,175.18127,190.7959,163.27608,175.10503,162.14342,156.28377,167.48102,169.04652,159.25159,202.81073,186.4019,170.1041597444061,168.6628283009814,176.11349179816153,168.0825566738495,174.2891456170264,164.26843808810142,171.97691071786346,171.0679694704773,175.1050262451172,162.14341735839844,174.13465118408203,172.87427711486816,173.63829916488413,171.77738571395278,175.1050262451172,156.2837677001953,144.52919
ID95,1998-01-04,148.50575,148.76796,149.74837,136.68002,150.6206,144.96294,156.6011,153.23312,161.45667,164.83316,154.7212,148.75568647278828,149.51372007820046,151.466373355271,150.58145799224724,151.05566268082387,149.8860824261968,149.06936713275138,150.18247747958534,136.68002319335938,148.76795959472656,150.0899887084961,150.6969337463379,149.14357889536495,150.22891270000395,136.68002319335938,148.76795959472656,132.03577
ID95,1998-01-11,136.32295,139.28308,149.8794,140.33089,149.02142,149.99823,154.48067,159.25197,151.6178,168.18579,161.5334,147.48958801214934,147.382133882467,149.38543520219594,148.69523551363272,149.45551067030732,145.6157134609478,147.27252857191172,147.3795322805626,140.3308868408203,139.2830810546875,148.43780326843262,148.0799446105957,147.4876684834696,147.59556125285695,140.3308868408203,139.2830810546875,128.64282
ID95,1998-01-18,141.82129,155.08528,154.8112,143.9226,155.89798,156.3564,162.9403,166.3872,157.76614,171.96124,214.33456,154.499573073939,154.18278837585592,165.14927266776118,155.93997165501685,163.6947686606684,157.21517910174674,154.4500544764325,154.34613899211953,143.922607421875,155.0852813720703,155.3495388031006,154.70276832580566,154.59314221970166,154.5063797870419,143.922607421875,155.0852813720703,131.77275
ID95,1998-01-25,153.67656,163.1167,160.40921,149.49483,162.07051,152.58511,165.37976,164.69427,160.71753,168.70093,150.46028,158.5734057423667,158.2646065271613,157.86359116071975,159.8028614158934,157.88230736846197,160.46318920124858,158.80582139983477,158.64166300441104,149.4948272705078,163.11669921875,159.42920112609863,158.84642219543457,158.90860117202024,158.76147615752924,149.4948272705078,163.11669921875,116.249954
ID95,1998-02-01,154.59804,149.94824,156.4329,149.73999,145.69814,144.18524,155.30423,152.62173,156.39563,169.20134,154.7212,151.8172086138035,152.0379639780962,154.6664057354161,153.1814264350494,154.77579430431058,152.1933235960701,152.12857342192027,152.47592713163186,149.739990234375,149.9482421875,153.1385154724121,153.27494049072266,152.38629638600827,152.71177316847601,149.739990234375,149.9482421875,140.08417
ID95,1998-02-08,143.55977,147.78983,155.0776,142.61919,142.28339,148.00722,152.48721,153.86163,149.51634,171.19864,161.5334,149.23190546296843,149.00351653579153,152.73719750500788,150.49288726256924,152.88670263689528,149.88505450071267,149.39124862562716,149.21501836676177,142.6191864013672,147.78982543945312,150.37785530090332,150.00649642944336,149.6797588423093,149.49959874313194,142.6191864013672,147.78982543945312,138.94003
ID95,1998-02-15,152.25653,156.57826,157.86978,145.06859,158.95569,158.02028,163.17398,167.95416,156.52385,173.40477,214.33456,157.18484200989886,156.6356825039036,166.77574112987458,157.43696961873582,165.54776719711597,158.64040156173692,157.34236106600886,156.87589775518953,145.06858825683594,156.57826232910156,158.16598510742188,157.33471870422363,157.41879188432915,156.9807724358097,145.06858825683594,156.57826232910156,152.88007
ID95,1998-02-22,157.14061,160.61914,165.37332,152.94995,165.33777,168.07352,177.70117,177.32248,167.54161,177.06429,150.46028,164.48762872933418,163.76742467030618,160.73865059391204,164.46920335754692,161.25181258409336,162.37354121574882,164.31431200738376,163.89509269838538,152.949951171875,160.619140625,165.532470703125,164.26252555847168,164.31486804113536,163.947313121227,152.949951171875,160.619140625,142.12257
ID95,1998-03-01,150.84012,149.54811,163.19545,154.99236,156.70203,152.24028,163.63846,158.57076,153.33618,167.2076,154.7212,156.4747177674848,155.56217374609187,156.09186355417847,156.49751340797408,156.91362407938718,154.00000464570405,156.27756469949472,155.4452794943691,154.9923553466797,149.54811096191406,157.2955493927002,156.00776481628418,156.48820276750132,155.69370992366478,154.9923553466797,149.54811096191406,144.16096
ID95,1998-03-08,141.94951,140.23132,155.77501,144.68713,150.12494,148.94121,156.51158,149.22908,146.22055,168.74681,161.5334,149.8163667080639,148.8913551937398,151.02628072848003,149.69169531887735,151.61667112202034,146.7533416626007,149.62927389454748,148.7670640710147,144.6871337890625,140.2313232421875,150.87093925476074,149.5845603942871,149.88094858472778,149.05371952500997,144.6871337890625,140.2313232421875,139.15045
ID95,1998-03-15,136.61153,141.92798,158.58485,148.51439,158.0294,152.33844,152.45244,152.84047,149.93907,167.19298,214.33456,151.69289293610223,151.4413894640028,162.43010549637734,152.77418357613666,161.91726994520826,150.85006610051903,151.3286269206105,151.08154960627965,148.51438903808594,141.927978515625,151.95650100708008,151.64233016967773,151.6301731889092,151.3758045007727,148.51438903808594,141.927978515625,146.34402
ID95,1998-03-22,149.58597,161.08969,163.27829,152.94135,167.03012,168.70334,174.76277,175.11705,165.03171,172.97388,150.46028,163.2681880370333,162.54441180494916,159.28123085115894,163.61160338349603,159.68799362635886,162.00196517894102,162.9367717888721,162.4699542267202,152.94134521484375,161.08969116210938,163.79567527770996,162.57929229736328,162.94636783165987,162.52831144834536,152.94134521484375,161.08969116210938,158.74539
ID96,1998-01-04,71.95952,74.44438,72.742455,66.62275,74.37332,78.21115,78.65715,85.77108,83.134735,88.49019,81.7333,76.94375736965802,79.25791561914754,76.38451987989586,78.19858358581327,75.90835261332904,77.76201505659837,75.6009520817455,77.37161227836604,66.62274932861328,74.44438171386719,75.68761444091797,77.41405963897705,75.23815540221676,75.56235141454465,66.62274932861328,74.44438171386719,82.85113
ID96,1998-01-11,82.30384,76.80108,76.74534,71.098564,77.819275,77.71085,80.530235,79.181984,79.95239,91.09744,92.35928,80.53587407129527,79.99061206209961,80.51092554398849,79.3176570845952,80.05593142292308,79.04190859400055,78.96567720453686,78.71725250624542,71.09856414794922,76.80107879638672,79.2633285522461,78.87309646606445,78.95189079597571,77.9349755477464,71.09856414794922,76.80107879638672,66.82009
ID96,1998-01-18,74.76435,73.99213,78.03077,72.55846,81.258514,91.13827,81.489685,99.93232,98.79375,93.71937,115.071014,82.47301343945955,86.64243676354877,87.35303981404472,84.41951179424389,86.32502817724841,83.06833033667218,80.57460969175789,83.85098850976793,72.55845642089844,73.99212646484375,80.86894226074219,84.01493835449219,79.79983647109255,81.40499051670612,72.55845642089844,73.99212646484375,65.97843
ID96,1998-01-25,73.763756,78.435356,77.26444,72.886375,75.62473,84.51034,80.08287,88.42845,85.0877,89.69591,79.01328,79.73838486951928,82.21909903770123,78.95549451702387,81.13176916674695,78.75272228952684,80.50533984091115,78.91809583596653,80.72039127194071,72.8863754272461,78.43535614013672,79.03297233581543,80.86605930328369,78.47994594900648,78.8985014191299,72.8863754272461,78.43535614013672,63.611256
ID96,1998-02-01,80.92656,75.96714,80.46858,75.86165,77.65418,78.176445,81.577126,82.27305,86.02239,90.83986,81.7333,80.40135786446072,80.59198599363924,80.75271784560375,80.22042375599251,80.72265219533625,79.78357626828942,79.9059971055891,80.1616429777097,75.86164855957031,75.9671401977539,80.1839427947998,80.3522539138794,79.77637741094055,79.1689822809882,75.86164855957031,75.9671401977539,71.71226
ID96,1998-02-08,76.5722,77.77174,82.81047,77.5007,83.5269,77.77721,75.61097,80.53447,77.04684,91.86465,92.35928,80.70804669293562,81.46554626886562,82.21297623553424,81.5365179575877,82.23706622298934,81.14830542372594,80.44872251280732,80.78576958892855,77.50070190429688,77.77174377441406,80.42935466766357,80.92463874816895,79.72768854694928,78.79193168346886,77.50070190429688,77.77174377441406,51.61757
ID96,1998-02-15,73.57617,81.07353,83.52927,77.8357,80.16028,80.80738,81.234634,94.85301,82.22049,95.81326,115.071014,81.56566127440416,85.14141039325911,88.07733969679973,85.15806473461119,87.41271530631363,84.47634572592628,81.85349405986373,84.42020230159339,77.83570098876953,81.07353210449219,81.7537784576416,84.41338348388672,81.11921559590563,81.7652113109322,77.83570098876953,81.07353210449219,73.52709
ID96,1998-02-22,78.14835,78.775085,81.58599,76.46471,79.07552,87.91178,83.45685,87.91481,80.93493,95.90961,79.01328,83.31776011798952,85.01105805801905,80.42218619669427,83.64602366250449,80.6477301563908,82.39464000866123,82.39613396519798,83.54723958708766,76.46470642089844,78.77508544921875,82.66598701477051,83.886794090271,81.88297649306469,81.51261715185227,76.46470642089844,78.77508544921875,73.711205
ID96,1998-03-01,85.83409,80.67978,83.05615,78.988594,70.07013,73.78213,66.16544,72.38441,71.66686,88.60947,81.7333,77.73527192299699,75.36948157461059,80.5318550330154,76.62638631716969,80.78343924505135,76.7705996127878,77.8524926459155,76.39594104077803,78.98859405517578,80.67977905273438,78.39822292327881,76.71701240539551,77.89077274807967,76.1971741589851,78.98859405517578,80.67977905273438,77.091
ID96,1998-03-08,85.77334,81.54336,82.54422,78.02669,68.787125,79.02161,67.49915,71.68347,72.91286,90.25706,92.35928,78.85763573999446,76.43350306814654,82.68624083207722,76.97741026876713,82.65652680124266,76.89375550876508,78.52912217957305,76.93580532439101,78.02668762207031,81.5433578491211,79.18156814575195,77.420334815979,78.54341076068752,76.5751301198428,78.02668762207031,81.5433578491211,69.621254
ID96,1998-03-15,81.12004,76.91565,78.890594,75.81019,71.22113,76.829865,62.895184,69.91471,78.32827,91.50618,115.071014,77.17568255693918,75.30164155879014,85.51131032348933,75.50390547491303,84.70587979383578,75.51980038876167,76.34571661454346,75.01902902237303,75.81018829345703,76.9156494140625,76.89860391616821,75.49793767929077,75.93400918788332,73.74969429491235,75.81018829345703,76.9156494140625,71.002106
ID96,1998-03-22,83.55374,79.359955,82.983635,80.06998,83.3605,88.44598,79.09728,90.22104,97.72389,93.78033,79.01328,84.79642827333494,85.87330262882456,84.14412155266946,84.83891026846382,84.08670076814607,84.33015040443942,83.47278617718116,84.43852553308632,80.06997680664062,79.35995483398438,83.83142375946045,84.6648359298706,82.99619411856385,83.07224570969015,80.06997680664062,79.35995483398438,77.945816
ID97,1998-01-04,121.13643,121.67479,128.83449,121.82484,110.17642,117.652565,119.657616,117.25339,125.4774,153.07031,159.00842,122.25978173684574,119.76829269488933,132.5241289858431,122.65084622906315,131.96846226090992,118.7168893725965,122.62395726806338,119.17791217229704,121.82483673095703,110.17642211914062,124.25343227386475,119.77631664276123,121.0020349336902,119.66183952554171,121.82483673095703,121.67478942871094,125.052605
ID97,1998-01-11,118.88419,120.56392,129.91953,123.94534,112.27327,115.899185,118.74931,116.17789,124.32015,158.28091,168.04314,122.94118161095915,119.98804271711415,134.4670862927551,123.55380158647961,133.8066026136141,120.1586714120991,123.06494680467831,118.99749299726943,123.94534301757812,112.27326965332031,124.81445789337158,119.55157947540283,121.11429673946976,119.50520505828837,123.94534301757812,120.56391906738281,132.73277
ID97,1998-01-18,126.7595,127.73957,134.61362,128.2369,126.08619,125.35753,130.52226,125.09746,127.94748,162.70374,205.45766,131.292630891389,128.65061679094015,145.59711178419565,132.87269502699593,144.17807566383158,130.8615543894036,131.47281869747533,127.83330599277308,128.2368927001953,126.08618927001953,132.7524118423462,128.05162715911865,129.40140138619586,127.97085657930658,128.2368927001953,127.73957061767578,119.27933
ID97,1998-01-25,127.00463,132.09233,138.21689,133.03784,130.65979,133.0666,134.42227,129.42062,132.5217,154.70407,129.56339,133.96780047539784,132.18091770214377,134.19679510027464,135.07619467122475,134.6446558050996,133.81816862844727,134.40075361490358,131.93376153038787,133.037841796875,130.6597900390625,135.4005537033081,132.24012279510498,133.09024818085152,132.07913327900627,133.037841796875,132.0923309326172,117.69029
ID97,1998-02-01,148.55698,138.56097,145.44856,141.01294,132.04349,138.12366,147.08351,141.06398,132.55315,156.98456,159.00842,143.27971808659282,142.17252076008566,144.88037296030538,141.49103086296174,145.0042709976952,138.78007069962592,142.51715792150912,141.0124200214122,141.012939453125,132.04348754882812,143.47683334350586,141.48676109313965,141.67709880984012,141.14833382352452,141.012939453125,138.56097412109375,129.44502
ID97,1998-02-08,135.19502,133.30487,141.51892,133.17285,127.622246,131.76685,135.77153,134.13496,131.727,161.36105,168.04314,136.23773032667575,134.39110022706942,143.01649287157244,136.62625419405575,142.77224212528145,133.89597420531223,136.1875080520503,133.62674210709716,133.1728515625,127.62224578857422,137.46416759490967,134.06090641021729,134.6792490140659,133.80705176387826,133.1728515625,133.30487060546875,121.75171
ID97,1998-02-15,135.64563,134.79628,139.5882,132.42523,131.98071,131.98596,137.07986,135.20926,131.21658,165.99359,205.45766,137.31362972620045,135.23324261871755,149.8072244163915,138.98678474125842,148.4910222309675,136.87652776785208,137.57813901909856,134.68130920795375,132.42523193359375,131.980712890625,138.68693351745605,134.83889198303223,135.6560136032201,134.68054902698336,132.42523193359375,134.79627990722656,134.11362
ID97,1998-02-22,139.9275,132.60464,141.08752,134.36232,129.24649,132.94943,131.27959,132.9469,133.33658,165.89091,129.56339,137.28889565139042,135.00454667047768,136.58358850933374,137.42632457907584,137.17221788461956,134.95316757274588,137.11532110028907,133.9680049205285,134.36231994628906,129.24649047851562,138.41855239868164,134.30055046081543,135.4884946870672,134.31341675829316,134.36231994628906,132.60464477539062,121.55444
ID97,1998-03-01,154.47023,140.28508,149.21721,142.74289,146.7914,143.23419,153.47092,147.66919,141.86426,153.36934,159.00842,149.3801447559778,148.95825674165502,147.94335237201398,148.44187550363364,148.16765997028398,147.82817601402004,147.75072345736493,147.22466696341536,142.74288940429688,146.79139709472656,147.94765663146973,147.23513793945312,147.09730658152395,146.958299840959,142.74288940429688,140.2850799560547,137.11205
ID97,1998-03-08,144.89899,138.03633,146.6873,137.17882,143.85579,141.90787,145.91714,148.34206,142.15344,158.26933,168.04314,144.7415084439651,144.18940522937967,147.6667709309009,146.06359003246905,147.54606300476422,145.08927483158345,144.09149669886412,143.30241804950774,137.17881774902344,143.8557891845703,144.59394645690918,143.35303688049316,142.9194872119496,142.9587997597925,137.17881774902344,138.0363311767578,127.24882
ID97,1998-03-15,137.59663,136.20332,140.344,134.7659,140.82121,140.12068,139.2609,140.82068,135.11398,158.97594,205.45766,140.10327217312533,138.930711636374,150.89479589179916,142.08007479061595,149.62251020643092,141.66719643435928,140.41659929164476,138.76028846278336,134.76589965820312,140.8212127685547,141.01107215881348,138.7416648864746,139.00797092078315,138.5646702195246,134.76589965820312,136.2033233642578,130.97054
ID97,1998-03-22,149.33391,145.45506,145.62578,140.21227,143.53859,144.7139,145.09448,143.75525,142.9982,162.918,129.56339,146.19898231711605,144.87250421269147,142.66860552129495,147.38377081333775,143.04061304450727,146.08342267861215,146.61072838191382,144.7675446774935,140.21226501464844,143.53858947753906,147.11149787902832,144.71615409851074,145.46236297416695,144.76430751892184,140.21226501464844,145.45506286621094,144.0426
ID98,1998-01-04,92.80439,93.80583,99.169426,93.70831,87.95279,90.376045,91.61214,88.53851,98.48859,112.82164,116.88585,97.97236337461591,102.87688438359301,101.03030486908094,100.75810660778257,100.69918935947877,98.76022498430805,97.02752851239488,100.0358948272779,93.70831298828125,92.80438995361328,95.28132152557373,99.91202163696288,97.17173109296465,100.24062085492758,93.70831298828125,92.80438995361328,93.89795
ID98,1998-01-11,92.77274,94.25235,98.4337,94.55788,85.24217,92.3259,92.52723,94.94982,86.77451,115.264946,120.37086,98.9325162856267,103.71499762365133,99.95527779034278,101.93389586312597,99.74123277823932,99.62730261788077,97.46206566975644,100.22800743328692,94.55787658691406,92.77274322509766,95.67211437225342,99.36927700042723,97.65812517588458,101.46917403213013,94.55787658691406,92.77274322509766,97.92215
ID98,1998-01-18,100.04673,102.1843,104.62846,98.907364,91.92843,95.70026,97.92046,103.31192,85.49982,118.94373,145.21304,104.47690522683212,113.51892409269735,108.4392421354201,112.72858432333472,107.8773586747915,109.27491944636067,103.60708532211788,108.45872420508094,98.90736389160156,100.0467300415039,101.28246784210205,106.66798973083495,103.7983005288026,110.64338117015377,98.90736389160156,100.0467300415039,99.736984
ID98,1998-01-25,99.30603,100.12565,106.94758,103.31799,95.671326,96.35474,100.4234,101.00277,93.91908,113.63315,97.06733,103.78140235638499,102.23153181226814,101.29676952208152,100.93598254369543,101.92934643046264,100.91600950413773,103.47391924662467,102.21100291205347,103.3179931640625,99.3060302734375,101.97248268127441,101.84252643585204,103.49371201596824,102.57111122531474,103.3179931640625,99.3060302734375,95.10319
ID98,1998-02-01,113.50734,109.44535,111.51112,108.79969,93.69311,104.4838,104.30823,109.82375,100.96484,115.91609,116.88585,111.0878460613496,112.35988634044156,110.47160821597983,113.10813696621682,110.5669541094789,112.54516669381546,110.9230072678273,111.5446117878407,108.79969024658203,113.50733947753906,107.70809173583984,110.16731452941893,110.91021754929362,112.22204374664513,108.79969024658203,113.50733947753906,126.459755
ID98,1998-02-08,106.77827,104.753136,106.59556,101.469246,85.68834,99.378784,95.53799,98.830124,93.352806,118.70952,120.37086,106.96507547994874,109.88448255437301,106.72721342071512,110.29772808914407,106.65552772628352,108.8549426453236,106.16235589103516,107.81207339900234,101.46924591064453,106.77826690673828,102.36385440826416,105.94592189788817,106.23568757934049,108.71774280013469,101.46924591064453,106.77826690673828,104.99737
ID98,1998-02-15,101.51371,103.77911,105.50413,100.25451,94.03044,101.709236,102.48665,107.981346,111.46066,122.35772,145.21304,106.9927465187707,116.40110534382961,113.45918717646222,114.11528265494505,112.38376860010489,110.72162109327917,105.42043106612647,111.4746374044644,100.25450897216797,101.51371002197266,103.95443820953369,111.57119178771971,105.71479019716564,112.3397737151135,100.25450897216797,101.51371002197266,111.82272
ID98,1998-02-22,104.7471,105.36711,106.594,103.17762,92.57852,104.17262,95.19331,107.01764,116.18697,121.48546,97.06733,107.92069294773933,106.08172387898907,106.37800652484502,105.09827816605666,106.34997267432254,105.13388145082706,106.70947123528998,106.3044892054359,103.17761993408203,104.74710083007812,104.16446876525879,106.22736358642577,106.7715034162876,105.56273305707532,103.17761993408203,104.74710083007812,100.32877
ID98,1998-03-01,117.35248,115.25144,110.690674,107.62548,99.974266,110.36903,103.70271,108.636215,89.52046,113.68209,116.88585,112.58784547110997,112.5667289563429,109.49672651997132,115.75766770241539,109.64464528174038,115.48955299376571,112.62211710658812,112.11055346373546,107.62548065185547,117.35247802734375,109.83102226257324,109.33889865875243,112.6235756966975,113.46389047670664,107.62548065185547,117.35247802734375,119.08206
ID98,1998-03-08,109.22077,109.26172,107.30304,103.39449,98.26276,100.33606,99.0186,103.44849,86.98825,117.05925,120.37086,108.54100805834202,110.73761930083943,107.01335787666112,112.3139927968665,106.9745606732394,111.18355559894705,108.42644300654035,109.00197524575363,103.39449310302734,109.22077178955078,105.48208618164062,106.57712268829344,108.49998523064068,110.46058010918415,103.39449310302734,109.22077178955078,112.98001
ID98,1998-03-15,106.87846,107.23736,103.85778,99.68687,94.285774,97.58038,92.25235,98.09607,88.04785,116.963196,145.21304,106.13088203423541,114.82073676577875,109.95681457416299,116.20421958057757,109.10941109342569,113.12540093410706,105.86764308088522,110.426485518519,99.6868667602539,106.87846374511719,102.34277153015137,107.5171136856079,105.93379310137055,112.19639150130004,99.6868667602539,106.87846374511719,115.912674
ID98,1998-03-22,108.88855,111.606544,106.82991,104.84818,95.77369,95.169655,99.323875,102.76088,88.9136,119.25958,97.06733,109.14799366346145,106.27512364738234,103.6080691730456,108.09013208571038,103.8483533686148,108.48511028770767,109.30827618720822,106.73356961098126,104.84818267822266,108.8885498046875,105.21249866485596,104.59219646453856,109.40736889766836,107.54358813091355,104.84818267822266,108.8885498046875,122.50131
ID99,1998-01-04,97.49766,101.828224,100.12703,97.513275,97.31782,97.76299,98.41846,95.890755,99.57181,100.552475,108.32457,99.41310020965948,101.37765674425216,101.42536566699113,99.34522849900266,101.15962002625766,99.14231356198889,98.54498945848553,101.06778760731453,97.51327514648438,108.32456970214844,98.87724113464355,100.13050174713135,98.46297174558988,101.32372387343767,97.51327514648438,108.32456970214844,83.271965
ID99,1998-01-11,93.2919,96.16525,95.31721,93.95815,91.11318,90.59165,91.74209,88.42713,83.70183,102.17871,100.5918,96.15139006861956,93.33308261184455,94.69379087488004,90.00256660772527,94.71320399495362,89.46653388707088,93.71248836410429,94.65429681109988,93.9581527709961,100.591796875,94.29476833343506,93.16998481750488,93.48741950427677,93.78031409898175,93.9581527709961,100.591796875,93.39821
ID99,1998-01-18,95.84944,100.26118,97.313896,94.96778,91.36837,92.60634,101.67418,96.62717,89.42372,101.95909,115.491844,98.3749585264766,99.98639893206656,99.84128460696063,95.93389135884993,99.41254435035324,95.54620323758245,96.9394880717272,101.17430636537551,94.96778106689453,115.4918441772461,97.00003433227539,98.44854736328125,96.84476600617201,100.87928990707137,94.96778106689453,115.4918441772461,90.97378
ID99,1998-01-25,93.53932,101.84976,97.388695,96.69702,94.070496,98.74463,99.81949,101.75607,97.41089,99.88327,90.39979,98.13062104788443,95.9027505197532,96.75838963639565,97.27156864224226,96.75061758848729,97.55353737672762,96.98022128625658,95.43519255633849,96.697021484375,90.39978790283203,97.74908542633057,96.98119926452637,97.03123834274002,94.9513723451868,96.697021484375,90.39978790283203,84.534454
ID99,1998-02-01,112.47443,112.77336,109.23932,106.86953,102.97012,107.20569,103.555115,106.97591,106.690384,102.58467,108.32457,108.04951788990286,109.38749073871435,108.8734062026864,108.98538343577182,108.82360722485274,107.71409772432892,108.19116979559931,108.46943504918801,106.8695297241211,108.32456970214844,107.20902919769287,108.3915491104126,107.92179516217894,107.79128370711247,106.8695297241211,108.32456970214844,102.52499
ID99,1998-02-08,99.74087,100.32954,102.20802,98.78375,98.694664,102.29469,96.912445,98.44149,95.3695,103.89662,100.5918,101.02109303866045,99.12974855793281,100.023605109681,98.23197835144899,100.29397423055372,98.12223678233613,99.8317867298227,99.66908587254228,98.78375244140625,100.591796875,100.35757541656494,99.52882671356201,99.815735848456,99.26195277078185,98.78375244140625,100.591796875,99.4082
ID99,1998-02-15,97.16616,99.70576,97.196686,95.21006,99.44863,104.59075,102.097046,104.668564,97.02335,105.653534,115.491844,101.0157687520259,102.54667784397137,101.20065855005642,100.64802627182301,100.75451659822114,101.31809134707439,98.60930241937606,102.51985430958175,95.2100601196289,115.4918441772461,100.13357830047607,101.06020736694336,99.05923189136516,103.34092144134901,95.2100601196289,115.4918441772461,91.62283
ID99,1998-02-22,93.7268,101.51852,97.2832,97.393166,98.088036,108.73342,102.16479,102.770195,98.40944,104.57175,90.39979,100.57022474312292,96.84024308142872,97.16493985111816,98.11076940072988,97.2468936234514,99.18815998406798,98.4648960451311,96.33456501483992,97.3931655883789,90.39978790283203,100.4349594116211,98.70363998413086,98.96547326274309,96.20636226591341,97.3931655883789,90.39978790283203,85.65229
ID99,1998-03-01,105.4092,110.8916,105.35877,103.987526,105.13134,107.42233,103.731094,104.36808,108.86375,101.19316,108.32457,105.4003655013734,107.86230614096789,107.10176823207414,107.3363624900799,106.78683500932104,107.06614604688099,105.19887442381064,106.32638037753682,103.9875259399414,108.32456970214844,105.39062881469727,106.74860572814941,105.20730280231113,106.55171056601773,103.9875259399414,108.32456970214844,108.232506
ID99,1998-03-08,100.35594,107.73812,103.87924,102.0311,102.3521,104.55065,101.56741,98.285995,105.48104,103.8067,100.5918,103.57839436654174,103.27261571929046,103.81539037882598,102.710961973021,103.71778985553647,102.68559116659685,102.5065200768975,102.21776272082413,102.03109741210938,100.591796875,103.28515815734863,103.27441310882568,102.49408064936539,102.19450339830045,102.03109741210938,100.591796875,92.09627
ID99,1998-03-15,92.36941,96.88889,96.43596,94.60425,95.67426,93.37315,97.60678,94.08885,102.41832,102.55605,115.491844,96.96182981460808,101.20705034848403,100.84310235029264,98.65845345362277,100.19547224360521,98.9060640806368,95.28887422077456,100.65814694315003,94.604248046875,115.4918441772461,96.18859481811523,98.64857578277588,95.28358181265493,102.00887025180127,94.604248046875,115.4918441772461,89.900055
ID99,1998-03-22,91.62664,96.55301,98.086754,98.36867,99.813385,98.31732,107.51031,102.213165,107.771545,102.17023,90.39979,97.85352313829586,97.04425077811847,97.79688765213335,99.78355354081626,97.80017852552817,101.1655427003429,98.26752748902422,96.82385571328308,98.36866760253906,90.39978790283203,99.05578899383545,98.57925415039062,98.52915658341759,97.58574009971022,98.36866760253906,90.39978790283203,100.644394
